ax-0,ay-0,omega-0,ax-1,ay-1,omega-1,ax-2,ay-2,omega-2
-0.0026830617428780235,0.009967179987386908,0.05171785302793556,-0.009317689286185427,-0.005344288959902022,0.05497570581161071,0.009186460715203404,-0.006016609222711522,0.05496257978045982
-0.002958892973023122,0.010235632742316274,0.05438893769872806,-0.007538129276177561,-0.00791333832058896,0.05540039561409138,0.010139645637069329,-0.003607495810178015,0.05482450151299556
-0.0040046539965651485,0.011395023937154539,0.0636089252579621,-0.007811726618906342,-0.009387259591903119,0.06517125293079573,0.011802944687210456,-0.0018880975994577704,0.06506289661047937
-0.009652134888372016,0.012743836543529143,0.09051204225466389,-0.006363955340406656,-0.015068352884430767,0.09248293079728853,0.016084591836651462,0.0021078307132230863,0.09288304862775654
-0.0025001482249417672,0.0001347498913016675,0.0009750000000000118,0.0002875901743172593,0.0005244930239567402,-0.002700000000022129,-0.00047984530979205964,-0.0008054914565000515,-0.0014000000001956892
-0.000558316759809009,-0.0003916536889208516,-0.0009250000000003659,0.000939305044504272,-0.00011131234163112384,-0.0027375000000162686,-6.331474977638862e-05,0.000197417421644709,-0.0013250000001185924
8.833357075363082e-05,-0.00018669319127224463,-0.0004083333333337158,0.0003357965993629792,-0.0004249208713839682,-0.0006666666667006401,-0.00017985896149216467,-0.00020536429401474265,6.666666658716736e-05
-0.0005928673592307737,0.00013983275735557842,0.0010562499999989075,0.00010595743042246823,-1.5103750051817668e-05,-0.00017500000002446114,0.0001262754688817699,7.924249661275368e-05,0.00018124999991986357
-0.0009261830189385978,-0.012287331324807433,-0.07004326189826035,0.013363472117004088,0.004143172481256563,-0.0750394093155915,-0.011329567444779559,0.006727947532092493,-0.07316403172064057
-0.006330647617372145,-0.018307021844135813,-0.10861788304218016,0.02070202178896863,0.0032391933973573307,-0.11529817192670322,-0.013022155137519994,0.015332766935310629,-0.11419637752445588
-0.019514290451204747,-0.0173836887333558,-0.1619255193963679,0.025724274907855258,-0.009837735320419276,-0.12553261099537508,-0.004832920872215041,0.026859009072647256,-0.12567812219739238
-0.0176202032440422,-0.012491317836831823,-0.10551370244083866,0.017314391365265535,-0.0040361792884441305,-0.10773754286952375,-0.005814516607571964,0.016639791975973966,-0.1071074488878887
-0.002999666665531864,0.009966865404986298,0.050980610174012155,-0.008850012318820794,-0.007024928138352204,0.05453721589354643,0.01124788814625341,-0.0024630987474558164,0.05458685978414479
-0.0026748058799387475,0.010273662829568209,0.05353352255194917,-0.008931121910577914,-0.00685383958988021,0.05744004862204832,0.010734316812381782,-0.0031674732821649096,0.05648397857929144
-0.00420756223925329,0.011503361356315103,0.06489602314397706,-0.007605427518025755,-0.009387200401083215,0.0659503495247904,0.012484003641618021,-0.0019427319595295106,0.06746090028351877
-0.010325635502132998,0.013059213090162815,0.09419319871416124,-0.005810570902579695,-0.014900731588592824,0.09359639186421465,0.01606237543039721,0.0028408993797515276,0.09404839201739845
-0.0025000692577895056,9.234371537107959e-05,0.0015249999999999368,7.411263128892509e-05,-0.0006796149823948272,-0.0004499999999296733,-3.650020796025499e-05,-0.00033959499172453445,-0.0003500000000933312
-0.0011111418923539754,4.10416512759661e-05,0.0010000000000000811,-0.00034090203469684514,0.00044457091997863866,0.00012499999999526779,-0.0002403860683487031,0.00046360157000670103,-0.002225000000066757
-0.0001837477727929209,0.0004331462610057069,0.002533333333332363,0.00014384093981289242,-2.048071182687255e-05,-0.0007166666666632201,-0.0004781760245225237,-0.00013248175930696032,-0.00210000000002708
-0.0006605120096863912,0.0002591271136318517,0.0011499999999997367,0.00022725961124727805,-2.2269606495130633e-05,-0.0009187499999896431,-0.0003298514639088187,4.259958747888707e-05,-0.0011875000000216573
-0.001836591076942451,-0.01378744518951272,-0.07498287118615406,0.011822094579949649,0.0078699263848514,-0.07616553315243912,-0.010183538809237225,0.008127582341949102,-0.07192241813163136
-0.0076508594451426175,-0.019713664135523272,-0.11640665718872603,0.020076619751674987,0.0032968824851449994,-0.11568157957553282,-0.012846829333159246,0.016333479217418383,-0.11390294681516977
-0.021655328188667475,-0.01777786286031983,-0.12570696867709977,0.02565662445637626,-0.009690758212923692,-0.12802258672666897,-0.0042673834639731355,0.027360388479207343,-0.12555605589981886
-0.01221180561809371,-0.013240189411713805,-0.1082437256272319,0.01759251157261069,-0.0038085802674622513,-0.10950202783234775,-0.005519342269663517,0.017134238800080467,-0.10719223463200311
-0.0022635137603768674,0.011153255923935448,0.05478018025723116,-0.0092795765158811,-0.004530513167837202,0.05103447228131941,0.007631387704192666,-0.007080221704890144,0.05110949910926976
-0.0018365605613894036,0.010739742979869678,0.05475031595396138,-0.008491190578035736,-0.006504493212344192,0.054414397292879,0.01005624161988208,-0.003683351103755333,0.05616184354557685
-0.0044234192259232485,0.011279951726858209,0.06469306489750709,-0.007943206320707876,-0.009010071426417132,0.06495755445200165,0.012006547367156917,-0.0028345100703145282,0.06645298772755363
-0.009843230554842639,0.012425684951758604,0.09082140928882736,-0.005931767599356108,-0.014468121463474905,0.09122547612450127,0.01619581481232494,0.0018247069543689996,0.09375436576191665
-0.0009402336173733317,-0.0005816164346403177,-0.0037750000000001567,-0.0010759947946838155,0.00118193096637631,0.00017500000009107453,0.0004087442260700125,0.001207964433522224,-0.0013749999999923546
-0.00014379763319589186,-0.0005221914603954856,-0.0031750000000006716,0.00020167793763564083,-4.44291394076214e-05,-0.0007124999999330583,0.00039032935028912894,0.0005765703201142545,0.0007874999999657462
-9.593967601116495e-05,-0.0004874394474440284,-0.0017416666666672021,-0.00037709681335377853,0.0005037941156947413,0.0004916666666983834,0.00026532075224350304,0.0005686024199476534,0.00029999999995311555
-0.00013303220962835346,-0.00019506515049853872,-0.0009312500000007203,-0.00011439344580287334,0.00023780629793865744,0.00013125000002389697,0.0004018873410201258,0.0004523429599544963,0.0007624999999844562
-0.0031715634239218304,-0.012568146039040402,-0.0701752325504883,0.012101418624937271,0.004382157230115036,-0.07032349653037784,-0.01263568410059257,0.007073643365107518,-0.07919041625115142
-0.008017191630824459,-0.018273692883797012,-0.11204696587174456,0.019636875412764033,0.002552196717988922,-0.11196091711183076,-0.0127979882851169,0.016420426332205664,-0.11759313191697096
-0.020968765479148128,-0.017176902218920067,-0.12339344722463394,0.025958256429831145,-0.009003312820443643,-0.12304553404682099,-0.004122596521795506,0.02687846596541372,-0.12875787491042345
-0.01180054377657014,-0.012800667399495088,-0.10564838265293792,0.01699454147212187,-0.003247603792482468,-0.10403203224841617,-0.005204538373224537,0.01742008037518256,-0.11134381839641438
-0.00238421181158327,0.010050454038631895,0.052126696197913526,-0.008326103057267054,-0.007379453420081061,0.05451470895980748,0.009281381703113434,-0.006051346062962981,0.052485666694179756
-0.0020540753447780466,0.01056445932664281,0.05375966226375577,-0.008135129509213702,-0.007357435131376421,0.05613416443739361,0.010250743988717313,-0.0036223258044784964,0.054933226974984706
-0.004213292423508953,0.011478300488408111,0.06491987641509847,-0.008262584431950206,-0.009181039231540606,0.06598577219651958,0.012047276464278207,-0.0021179575365658032,0.06676324581404991
-0.01006013942288877,0.012466611319766356,0.0925439386970999,-0.005940624021832345,-0.014747021965228736,0.09127713838592566,0.01641579886601818,0.002168410678067337,0.09437550619050272
0.001248666489074568,-0.00041030961072228815,-0.001849999999999949,0.0017066878967887666,-0.0008293612985890708,-0.003349999999979758,-0.0006143410516135095,-3.5823860128347818e-06,-0.0029750000000383636
0.0006936514794127676,-0.00021145635091704827,-0.00029999999999982645,0.0011128086409295523,-0.00017542901394514607,-0.004212499999978192,-4.832513615197579e-05,2.7965001120344724e-05,0.00013749999996370832
0.0001784620536844837,-6.249987239588593e-05,-0.0007333333333329126,0.0005204952551195384,0.0003904395596851914,-0.002899999999990873,-7.534499736517557e-05,-0.0003684461165728451,0.0010499999999543281
6.411371996172197e-05,-0.0002094647467809646,-0.0007437499999995746,0.0005412902302288402,0.00037016868593756227,-0.0029625000000033097,4.206152155885133e-05,-0.00017555162157143945,0.00026249999998118057
-0.0029811186292375003,-0.013139822674256271,-0.07124997837884603,0.011570018461734555,0.008110897157125041,-0.07515855173743091,-0.010327292995739729,0.009533615967470543,-0.07624727337542936
-0.007217298600355039,-0.01794483343665297,-0.10836051977747582,0.01992773217033557,0.0035788854485765656,-0.11428362644421153,-0.011968648099064703,0.01743441054727192,-0.11743247527662426
-0.02022949374101244,-0.017361950688256928,-0.12026151133953494,0.025562111962117336,-0.008664322715542279,-0.12237767142475227,-0.004362553610558999,0.02776796038925024,-0.12630735320051656
-0.01135438930701459,-0.013147834774457924,-0.1041192695944841,0.016959800837492225,-0.0027024012016638906,-0.10398549141692193,-0.005191504334878104,0.017681414602036566,-0.11030862642580352
-0.0020908404224778687,0.010088132328317418,0.05184738813459604,-0.009919510559924793,-0.004248299305557868,0.05293826632311038,0.010380013312223657,-0.0028169808073547076,0.0516666590862247
-0.0012509461323905056,0.010693171435612776,0.054605973846391674,-0.0078899325477814,-0.007317963667214439,0.055197760022718256,0.010453898391458223,-0.0034220873221154267,0.05473388172223537
-0.004240058666471084,0.0112419589183141,0.06552086155532194,-0.008129880963010452,-0.009263279848528705,0.06600388571008271,0.01252197525104475,-0.0018666785180187257,0.06729648093976397
-0.009703332235905979,0.012373282020201642,0.09119977572429468,-0.006276555067194927,-0.014706875698985706,0.09263291218108982,0.01649266548811019,0.0023607664293712194,0.09349660448415564
-0.0003132163986230285,0.0002984988537612738,0.0022249999999997888,0.0001399951021288648,0.0011588675932483472,-0.00219999999995224,-0.0005871577581362253,-0.0007433622898692094,-0.0007750000000861235
0.00013840300071442534,0.00016470737775207812,0.0007124999999997547,2.1547975885087094e-05,1.242780425483561e-05,-0.0007499999999716067,-0.00011308963160835035,0.0002266187281071049,-0.000787500000054564
-0.00027061234458439616,0.00031131410128274427,0.0013583333333325497,-0.0001550161764249777,0.00032287087317617313,0.0003500000000341193,-0.00016468561437372426,-0.0002141724701813587,0.00022499999996483666
0.00012930485104429028,0.00024584123940379936,0.0007999999999995404,-0.00012513736203762242,0.0001556127439274556,0.00035000000002671783,-0.00025269450311393715,-0.00046183760966276183,0.0004249999999705878
-0.004017461370693642,-0.012058305650007062,-0.06834256214805501,0.012545028863528845,0.004837956938716359,-0.0728208776495265,-0.01149987301009639,0.00646052329977137,-0.07092575756644237
-0.0069444999013450965,-0.01858213072273411,-0.10829783330301442,0.019710464180040122,0.002745970196563505,-0.11241549738374434,-0.01243935704640622,0.015328613886001855,-0.11307899994794646
-0.020317488443169694,-0.017822761759912115,-0.16283860086979873,0.02561239901905125,-0.008927540077096976,-0.12307440054999397,-0.005261904542028041,0.02690758949940173,-0.12449919998251957
-0.011622028363541653,-0.013299931030747144,-0.10476664223964402,0.017036786249175706,-0.003382801572594723,-0.10553853468647512,-0.005682162976365135,0.016770091454554062,-0.10856487074686338
-0.0020662386169267855,0.009940464574576197,0.05214500057096,-0.009273431072466531,-0.00610911412948778,0.053391523393919726,0.008589660784888431,-0.0064528159256366235,0.05336603204355583
-0.0018685887421512584,0.010368055199438739,0.0537653765010204,-0.007921200994437383,-0.007923107003938846,0.05659751216917641,0.010154820944329365,-0.004288615394593748,0.05560888394950947
-0.003687251871103573,0.011412807725579071,0.06482621465462744,-0.007748035279243694,-0.009876532888878789,0.06732119538606085,0.012229439047579832,-0.002676780681629528,0.06672770156299634
-0.009538625223228908,0.01273729185131153,0.09126809887284092,-0.005680650029643282,-0.015191303647493245,0.09300682253534642,0.016006639974924564,0.0024579100700189136,0.09396946065179379
-0.001876999043762262,-0.0004935883525700392,-0.0024000000000000505,0.001048157875827016,-0.0008404730952454864,-0.001699999999971169,0.0006792199253591313,-0.0003866428041274239,0.004399999999993298
0.00013855208261865433,-0.00013747167210481366,-0.001012500000000098,-9.349375720835162e-05,0.00010638039137860705,0.0005124999999939206,0.0011015777466347495,0.0008137289777708655,0.002637500000002291
-2.442902166269586e-06,-0.0002961026353445915,-0.0013083333333329913,-0.0004699992787172781,0.0003455039967082645,0.0013583333333381613,0.00039076680028290615,0.0001887001425353902,0.000958333333341462
6.530939433702088e-05,-0.00011295916608766328,-0.0009499999999998856,-2.7737280683539178e-05,-0.0003214185359227888,0.0012687499999941565,0.00028018734374521257,6.802638405648718e-05,0.0007249999999903167
-0.001856922415416351,-0.012254093787846462,-0.06679721119505436,0.013347728854647134,0.0044816689430265955,-0.07369616330956674,-0.011929189429184944,0.006802582131662516,-0.07444980920805477
-0.006307913563050975,-0.017575484933880996,-0.10486508413557308,0.020408728087220645,0.002244821631630028,-0.11337137035292155,-0.012924456252025936,0.015800431767588732,-0.11328862520496585
-0.018943398152932684,-0.017460472597660148,-0.15779029073152134,0.02557788871416671,-0.00986095280206188,-0.12450692826517044,-0.004736625989958506,0.027641894462482504,-0.1263386374041294
-0.01740192799656231,-0.012222956695860172,-0.10416983933221795,0.01719944967302688,-0.004009975139196723,-0.10619556502829974,-0.005427764931746699,0.017392029788342235,-0.11041737651280581
0.0005490335043892292,0.011294089042208875,0.05585108685061927,-0.007949264467559114,-0.007440097321793904,0.05335368729157963,0.010219405952551636,-0.0030668823475799023,0.05470214409584173
-0.0025029718219839025,0.01042379617567151,0.05585741311547723,-0.008305780997592334,-0.007492561340407174,0.05695449656819562,0.010570097680925717,-0.0040820294691595255,0.057788814870352034
-0.003900437395561372,0.011913153514081499,0.0667792923040745,-0.007819603886266568,-0.010016442799554557,0.06774781175919269,0.012545228763930818,-0.002022322742410511,0.06854963087509584
-0.009919033955830884,0.012582529236546264,0.09259539210102398,-0.005782631726216157,-0.015487994886405223,0.09380045636415701,0.016422037777215924,0.0024662591989568334,0.0951961817612812
-0.00031282479972388755,-0.00020299965354682152,-0.0014749999999999984,-0.0019199131887637222,0.0010448826193512617,0.006074999999938768,0.0010114126274968216,0.0015811931139836366,-0.00012499999995085886
-0.00014153475514428534,-0.00038625180602410954,-0.002512500000000647,-0.0006129917712624808,-0.000527545855743488,0.003637499999964433,0.0002162160024663271,0.0005167747191651509,0.0003000000000419334
-0.0008077846514920843,-0.00038300481681924895,-0.0022916666666667894,-0.0008324530561305237,0.00012427848397611463,0.0028166666666310882,-8.648330178384622e-05,0.00015377430038448253,-0.0008916666666358708
-0.00046395422388291257,-0.00029806582417108124,-0.0015750000000001219,-0.00048377685766440743,0.00017174384034660713,0.001362499999979505,-0.00010129130688082235,0.0002120704787699154,-0.0007499999999716067
0.0006249497542590299,-0.01399310541509416,-0.07582361906165783,0.013348376689828467,0.005471151951173814,-0.0762406324068099,-0.0127098728789736,0.007586516463042869,-0.0812093608259623
-0.007013127092947435,-0.01885472495340025,-0.11364874531361753,0.02071971450991522,0.002352845488739424,-0.11495123369826832,-0.01320838856370965,0.01650196146182275,-0.11926675983771062
-0.020733026728219424,-0.01756203545136494,-0.12515005648294514,0.026380131173279163,-0.009939986014345053,-0.12569694464026707,-0.004461575553329449,0.02753394313754621,-0.12897656816130976
-0.011402569074869182,-0.012940569477482117,-0.10549048870478277,0.017682979313729474,-0.0042508234933746015,-0.10896688188660464,-0.0051669347775157885,0.01735528615353888,-0.11213750722864901
-0.0007979223048612538,0.009854379855712785,0.052228254424502206,-0.009469826317495128,-0.005904109837313876,0.05532260678133838,0.010169238575347822,-0.005379913347751397,0.054798842274017545
-0.0010531656935153233,0.010493196744950804,0.05455271874350294,-0.00813787159577923,-0.007397675634130469,0.056132326960955936,0.010545226912765505,-0.0026908661544841925,0.05652850278388133
-0.0038185798327043463,0.011475900540973959,0.06574231163176122,-0.008416351369082817,-0.009205690605980366,0.06688477254307064,0.012357268495755868,-0.0019914970027036715,0.06678532719949597
-0.009588550440186553,0.012735749894746237,0.09203552148894925,-0.0057635754556685,-0.01500452056124297,0.09404846105636189,0.016105269059505437,0.0028232148309963105,0.09477281471966248
-5.928990423620384e-07,-0.0002694991304142259,-0.0008999999999999087,-0.0015158318685641603,0.0016485699658175257,0.0031000000000780403,0.0010673670981717343,0.0019096715418165378,0.0013250000000297746
-6.768388948073954e-06,-0.0006070052430305873,-0.0024250000000003683,-0.0011298915196399238,0.0007840569280461976,0.0021625000000469186,-0.0004541941015866962,-0.0002172523066970269,-0.0007624999999844562
0.0008017519921973573,-0.0002580718057354148,-0.001725000000000238,-0.000866908471957544,0.000418116313760256,0.0028250000000321998,-0.0001529436069835117,-0.00022097753710402314,-0.0005916666667123612
-2.302995918237577e-06,-0.00024369601726882489,-0.0013312500000002162,-0.0005480386343932681,0.00020944379399087518,0.001700000000015578,-2.515959756614543e-05,0.00016694636889872557,-0.000656250000030667
-0.0031862095246568134,-0.012573161511709372,-0.07195066106460764,0.012019352655663618,0.004704986690688695,-0.07148935688228164,-0.01052715754788075,0.008515198163229487,-0.07616733957211963
-0.006739672166195593,-0.019031614282519847,-0.1108047020598055,0.019898198762268855,0.003032172974660864,-0.11085849507534995,-0.012823729373202038,0.015857620450171472,-0.11529115834063575
-0.020566610030795605,-0.0177541248049392,-0.12182321408517253,0.02593685810839569,-0.00908069476725028,-0.12155221319363196,-0.004440675891125211,0.026817642434536288,-0.1265391374135838
-0.011565660496875324,-0.013318243544273092,-0.10604784324409353,0.017013998466154444,-0.0037471250025089262,-0.10473760528684206,-0.005307573518733683,0.016920646304806223,-0.1090608061630638
1.847305110269648e-05,0.010785700044584786,0.05125807969809929,-0.007725447632455501,-0.007265948355712759,0.05223075719396064,0.00899646423790229,-0.004255691016294416,0.052134121908631315
-0.0027130770954040015,0.009913930460107712,0.05187719659693193,-0.008012066405871685,-0.007145928165595376,0.05482686122686431,0.009557452710537583,-0.004596951261910521,0.05394872469179912
-0.003949573650465539,0.010944624240721654,0.06274401981480787,-0.00798744394838993,-0.009547317273796152,0.06611023926034558,0.011978275929877696,-0.0028396972648773006,0.06698311107708281
-0.009553346427271237,0.012909425792667633,0.09113135251597111,-0.005814858905186193,-0.015017507546475864,0.09198046580243258,0.015878725144511743,0.0023522161036489205,0.09424206375164279
-6.423036061353748e-07,0.00028546778654398703,0.0015749999999999753,-0.00039291444948671983,0.0001332995553313121,0.0019750000000762213,0.0011741627573211288,0.0018480846216556435,0.0018500000000365446
-0.0008370577800836326,0.00045143784869040404,0.0026250000000004373,-0.0003485431589903307,-4.3040784501272945e-05,0.001575000000064719,0.0007800769233238,0.0006746499228314927,0.0008875000000241329
-1.555193382804124e-06,0.00023743070895021733,0.000758333333334368,-0.0003994501015712272,0.0001796707989371831,0.001483333333377838,0.00039837466649491775,0.0004920061976998458,0.00018333333337376226
-6.587087162566057e-05,4.65130629306406e-05,0.0004625000000008432,-0.00019923916051273487,-0.0002712173945619348,0.0015625000000296652,0.00045937270997854556,0.0004954663538322237,0.0006562500000084626
-0.003807746577703941,-0.012589231694460114,-0.06952115451710998,0.012481202118629076,0.006143619257381605,-0.07589766946929366,-0.010619990255578832,0.007286908898861133,-0.06871351281425575
-0.0069236169324631775,-0.018769429450732636,-0.10904104806423157,0.02016521642907406,0.0030031669166763475,-0.113024593183364,-0.01212278458435603,0.01492916529405925,-0.10686141683762251
-0.020609451203745053,-0.01787596632560121,-0.1204627823690961,0.025204201851680177,-0.009281146039602903,-0.12312552152373701,-0.005428967100763341,0.026712153460116055,-0.11991121179475428
-0.011683670579986,-0.013241773205407537,-0.10524625351502466,0.016976097565056646,-0.0036572089835392846,-0.10530192059226284,-0.005406059580132691,0.01609732692720625,-0.10289479309806282
-0.0015243602426925906,0.010484506713987969,0.05219117989694157,-0.009835353619123272,-0.004979877040567349,0.054405147173586244,0.009350836266113632,-0.005386265268698953,0.05328079972310995
-0.001447272540918945,0.010436758625726369,0.05299421765002284,-0.008333599484216156,-0.006948251325300525,0.05576715935706744,0.010079261922005719,-0.0039663037943757674,0.05654733935986922
-0.004237538713799949,0.010957347085268096,0.06421041269147278,-0.007503306371221026,-0.009505961510381165,0.06670978707464433,0.011643740218164153,-0.002354543661752568,0.06534438504080715
-0.009407841846959851,0.012837026801273308,0.09085665261375594,-0.006119751525876223,-0.015138520610617011,0.09406932811411028,0.01578487673745201,0.0015939660470055742,0.09205830723121866
-0.0003125807999798669,0.00010099995690664965,0.0015749999999997931,0.0007609540389891256,-0.0006442644545773257,0.0002500000000793534,0.0013168069491684142,0.001406596384333214,0.0007499999999716067
-0.0008333776583207491,-4.9249973405108595e-05,3.7499999999623596e-05,-0.0003619421032037397,0.000592902114185698,0.00048750000005703953,0.00017136413427617145,0.0007038076726232726,-0.001700000000015578
-0.0007145211066111086,9.053530627187544e-05,4.166666666644327e-05,-0.0002130822324499158,0.0002893193171248682,1.666666671340522e-05,0.0002615170984953833,0.00036456813657817895,-0.00017500000000225668
-0.0004605286368422758,7.736841641002687e-06,-0.0001187500000000901,0.0001006154052048198,-9.391585938466282e-05,-0.00019374999997712194,-0.00020314018874417457,-3.356704066312242e-05,-0.001006250000012976
0.0004578361551196841,-0.01326736050048628,-0.07356840882146753,0.013380948248705588,0.004140382596322378,-0.07623849321105602,-0.011123628773330313,0.007749873092252613,-0.07349217751819737
-0.007031706632530203,-0.018205472009708665,-0.11026521277052743,0.02072802569039276,0.0029068757104085594,-0.11686217493021012,-0.011958768756079041,0.015848685534891604,-0.11200902062542539
-0.01960447961408476,-0.017271953150202888,-0.16247328307865325,0.026149682816774527,-0.009755479100830617,-0.1256014016651578,-0.004773894751366826,0.026514754837469366,-0.12295673160037286
-0.011434438233997016,-0.013216105896871803,-0.10702496261029434,0.017254960984606438,-0.004056151454460904,-0.10803578234397371,-0.005516773616508573,0.016381539423272206,-0.10426914256322917
8.462857481461583e-05,0.010289875532785321,0.05339550582188389,-0.007522601558829917,-0.005910998874043838,0.04827768816975109,0.009840962000906561,-0.002930790397176475,0.050060040894184255
-0.0023595657337665494,0.01041295698584143,0.05585595760032262,-0.00851853650073484,-0.006281460784318065,0.05375371745945934,0.01031099999712857,-0.0026600724650339812,0.05530428132640708
-0.004330457697884363,0.011284345420550105,0.06547890144170827,-0.008169142534075151,-0.009246699829310034,0.06607759302236597,0.011895891076805333,-0.0017121526775481272,0.06539488055516962
-0.009362482933567737,0.012724775358306217,0.09098344681084505,-0.0064500082034576,-0.014943274347798992,0.09213562460856917,0.01607390115278374,0.0024036952930689705,0.09374394017845344
0.0018728364358580607,-0.0005213377641254846,-0.0020250000000003546,9.539173738068452e-05,0.0014922299783684534,-0.0030999999999004046,0.00017590596166142114,0.002070743709968459,-0.005225000000042002
0.0001388867111133211,1.0888888598571928e-05,0.0007250000000004599,0.0005726881313539773,0.00016329650882113752,-0.003399999999942338,-0.000506091569295782,0.0012787105598420655,-0.004037500000020344
0.00044641107143203067,-2.4999991833201617e-05,-0.00013333333333270385,0.00021301099827461138,0.00022325939910496282,-0.0012999999999744698,-0.0005093717128596251,0.0006214849892057942,-0.003016666666659044
6.575233686032405e-05,3.094733871165682e-05,8.125000000034979e-05,0.00010642619156348303,0.00021167609127210958,-0.0012374999999842373,-6.948095319998282e-05,0.0005001631557386888,-0.0017874999999945018
-0.001400318777045051,-0.013022217841516213,-0.07131661555685004,0.012758395491283686,0.006237537743300492,-0.07657246224050951,-0.010767965359956971,0.00866512814640813,-0.07556110893069956
-0.005878241751161584,-0.01863363291011683,-0.1092713670236006,0.020486406216700535,0.0021082669476775915,-0.11605042123359333,-0.013072542537636504,0.016739741943536113,-0.11711700873573427
-0.01984701792759113,-0.017431995834852127,-0.163117665894682,0.026266811283456388,-0.009824396833738036,-0.12698253157051123,-0.004358338740740756,0.028171676350788818,-0.12794861369028374
-0.017870703331830693,-0.01225175830616954,-0.10741966261051421,0.01793604265043076,-0.004126925845613025,-0.11062162802082665,-0.005100935934156042,0.017568995028455433,-0.10989560948919674
-0.0007634325495942118,0.011634058250636903,0.05601371014686919,-0.007882168616874657,-0.007408044660033031,0.05366039295724434,0.009878682055111665,-0.005286220490403892,0.05596214315999326
-0.002332818132937891,0.010848090028430728,0.05620176612366512,-0.008328329187850167,-0.007134862112287112,0.05580796193060955,0.010711439118114995,-0.002733712054080955,0.05672443128776905
-0.004745658497267079,0.01152203927604563,0.0668945719674725,-0.0076829264886337555,-0.00935581039162541,0.06496133631304819,0.012535573166033789,-0.002183389300675869,0.0675768740834896
-0.010297157636313115,0.012745558633933382,0.093661191827635,-0.005811527686459889,-0.014906626207366774,0.09250381321506129,0.016429183916126144,0.002634421097802723,0.09487237462140752
-0.001876234106849839,-0.000391778658372189,4.9999999999862654e-05,0.000442783228284116,-0.0019125311769771502,0.0013250000000297746,9.12935069104226e-05,-0.0004128105807188476,0.0001250000000396767
-0.000138992163824699,-7.649990705258975e-05,-0.0005375000000002681,0.00024434063267285574,-0.000179988952723568,-0.0007375000000031662,-2.671801401726231e-05,1.544525201871119e-05,-0.00012499999995085886
-0.0008035728285699095,-6.999999813426959e-06,-0.0005500000000001247,0.00031126254595111236,-0.00033612368223666166,-0.00047499999998497816,-7.839287763972929e-05,-0.00026390518543489047,0.000525000000036376
-0.00039860203052133336,-0.0003181068492522069,-0.0012624999999997296,0.0002520459667131851,-0.0001592064494068533,-0.0004624999999869317,0.00032239357551717464,-0.00010535719358781719,0.0011750000000088079
-0.0018553084234970707,-0.013836005578627701,-0.07581221050387811,0.012895797287599403,0.0023753541358723096,-0.06983077440945173,-0.012513834643256005,0.006096688624161739,-0.07412790390901591
-0.008179140765004724,-0.018803152297125703,-0.11384716409758566,0.020292348235323176,0.00202476829525628,-0.11230515157147902,-0.012620761360891223,0.015664805337455782,-0.11291016976269219
-0.0208693643349962,-0.01763088138518822,-0.12237730794196017,0.025844894796622404,-0.009262396793483943,-0.12140392971938807,-0.005115661500635994,0.02699132415883453,-0.12466460465846059
-0.011491086705614167,-0.013100825484486527,-0.10435142134504187,0.017167495640355187,-0.003436842895036599,-0.10424992528129118,-0.005821758017579413,0.016751819499034804,-0.10733964845457411
-0.0011063861958468535,0.009879937319911061,0.05205306253012955,-0.009009394198539189,-0.005489298729191572,0.050895418866758746,0.009609664948600355,-0.003511539500580807,0.05276550700421545
-0.001898008602076019,0.01006554822513288,0.053057022967779546,-0.007865498493424427,-0.00718402135518264,0.054856617646947825,0.01046843179742919,-0.00296108796570148,0.05653592363548121
-0.0037704175450483024,0.011373595495781989,0.06470507049061229,-0.008009958379458424,-0.00934916217963556,0.06547621127189392,0.012448626446542679,-0.0015182558874956723,0.06824233289806081
-0.009665858085650125,0.012499442894019804,0.09174987430005718,-0.005887761003750985,-0.015000500377537359,0.0920894850307219,0.016343482680992567,0.00299217589557725,0.09651782103525797
-0.00031591376922768255,0.0006564881655573478,0.002625000000000142,-0.0002526440685476916,0.0005757798350880527,-0.00057499999996935,0.0001909432893465457,-0.00046958338596747584,0.0007500000000604246
-0.0009723795665143401,9.255537723184766e-05,-0.0002500000000004943,0.0002527840548626697,-0.00017516916834023653,-0.0006374999999891884,-0.00043506536244310016,9.460516937127079e-05,-0.0016374999999513307
-0.0003575182018013466,-0.00011549025818071537,-0.00013333333333367288,7.159271553964468e-05,0.00014385241093555528,-8.333333333017852e-05,-0.0006871805583204866,-0.0005276785331564156,-0.0012583333332945774
-0.00026315796019643915,1.309210524039852e-06,-0.00033125000000012474,0.0001310960683715308,-0.0001522756822390722,-0.0004187499999863675,-1.9252136504882262e-05,8.72459827044577e-05,-0.00027499999997182556
0.0009828320752594544,-0.01233466398387165,-0.06833355438419195,0.010722749435056883,0.00718373738572281,-0.06936312565390956,-0.011455378142108397,0.008097625015517085,-0.07496220649612084
-0.00563069699280019,-0.018181498288770873,-0.10625831323988737,0.019628539696472245,0.003790149525895181,-0.11321370812120701,-0.012523838681135737,0.01582394196468495,-0.11328781436668045
-0.019508714697625662,-0.017843488752127382,-0.16107822014076445,0.02540537169601268,-0.009011304457757854,-0.12477056888454315,-0.004698136603650419,0.02637704492961997,-0.12361023565867768
-0.011493048432739938,-0.013406767643062435,-0.10703946636625153,0.017333145147517222,-0.0034195722763601913,-0.10784547696894298,-0.005638689787543665,0.016348710716224544,-0.10543754683147721
0.0012982218159721115,0.010558435255547761,0.05143319421502588,-0.00863687023582721,-0.0064157636078185365,0.05439751553684147,0.010042960294800313,-0.004353271734751363,0.05348196289296503
-0.0013789197362032743,0.010158311899135498,0.05350003549071279,-0.008088129131016296,-0.007525662952626948,0.05659668216062563,0.01063607724317233,-0.003715089142905834,0.05642232967641991
-0.003335873167864545,0.01113432287913015,0.06289944449255272,-0.007991443127573177,-0.009755916493869072,0.06711667188283126,0.012623747448229012,-0.0016423443465394896,0.06794556158318994
-0.009147561296026755,0.012632402403809117,0.09125440603901606,-0.006192468244467946,-0.015069449151307911,0.09351815529790031,0.016479260030267884,0.0025161127126512688,0.09395680677054541
0.0024928634150683804,-0.0009515268168076336,-0.0031999999999999334,-0.0005162387536235269,6.115816974378019e-05,0.0017750000001370836,0.00019310721679349774,-0.00011102752692226936,0.0019749999998985857
0.00013349893065697473,-0.0005416864683607188,-0.002912500000000065,-0.0008574623988884102,0.0009468432045109695,0.0006875000000405862,8.111796455224764e-06,-0.00032483674361791535,0.0010499999999247223
0.0008021025572445868,-0.00023131521031617808,-0.0012666666666670758,-0.0004923589614922294,0.0007466301713792463,0.0002666666667039408,0.00011202871635719789,0.00014153944832443318,0.00034999999994530145
0.00039144897540088763,-0.0002948637176804425,-0.0013625000000000256,-0.0002814918641163245,0.00021651037162240846,0.0005937500000330331,0.00012091741330506378,0.00015811934810021868,-0.0002875000000512884
-0.0012533083009538815,-0.01248503398512879,-0.0692646072488892,0.012623573958057965,0.006531174046912891,-0.07569598656229637,-0.011943536343150818,0.007698434888243899,-0.07611901797996978
-0.00751480918355517,-0.017812106997299022,-0.10857611335974973,0.02002874916943777,0.0025404327817101103,-0.11255212997727249,-0.01336900210506685,0.015742548136761975,-0.11476934284915252
-0.019900015458884694,-0.017300765018111786,-0.16105727484023807,0.025702137096578103,-0.009509431765422825,-0.12438914349318282,-0.004780165785771879,0.026696681982014425,-0.12484246927595422
-0.017958712743154456,-0.012417311125943358,-0.10623019781878025,0.017230443080095297,-0.0038053834740303075,-0.10625827458495274,-0.005302780835619273,0.0167779524951005,-0.10776921806592288
-0.0010680086476450024,0.00973715427878445,0.04995488433781969,-0.009710142417910378,-0.004492300849028019,0.05319971029811299,0.009327305653328982,-0.004383905113092279,0.05210571706735223
-0.001859205424500601,0.010451457484017225,0.05323547561820641,-0.007903881120200414,-0.006914134490939829,0.055832042805281645,0.010268012902968051,-0.003580970054527387,0.056444622946782985
-0.004050315624325769,0.011561291614990097,0.06480039937066,-0.007870022196268731,-0.009465029050858118,0.06727023777883072,0.012067088772934933,-0.002663437190845005,0.06684218800043773
-0.009988270276546274,0.013059795898451,0.09312340199100716,-0.00641663222591302,-0.015045594541198623,0.0946517310651096,0.015814925284531312,0.0024018534287427087,0.09364139538794447
-1.224992329795782e-09,-1.2249999918301029e-05,-0.0005250000000000803,0.001110509565260126,-0.00044636768969930074,-0.003325000000042877,-0.0009737924053787594,-0.0001540709411718133,-0.004599999999932436
-0.0001388890243030843,-2.7083333287828746e-06,-0.0008000000000002158,0.0006944444444443679,-0.0012028130608095673,0.00044999999997408224,-5.484898961867953e-05,0.0005147637926719265,-0.0015374999999817618
0.0008035622767882389,-1.8303568378040353e-05,2.49999999995616e-05,0.00044058854989667946,-0.00026313808682803294,-0.0014000000000180535,-0.00038602109897280446,2.0492360770586948e-05,-0.0013583333333381613
0.0004599236640730271,-0.00012687309159713407,-0.0005687499999999595,0.0004662313699774066,-0.0003409826683699105,-0.0010687500000106098,-2.2228120583933058e-05,0.00031813301818772147,-0.001018750000003621
-0.0005243610202293469,-0.013404548733494927,-0.07271810450823113,0.014173275723065176,0.003109113873515923,-0.07512343559685775,-0.011455716487390744,0.006785712244120057,-0.07224255512587874
-0.006024462084431982,-0.019008482406873375,-0.11070031262626161,0.020882447578483235,0.0015974870997322495,-0.11650518840733426,-0.012769838514960065,0.01564899731991883,-0.11294514865367589
-0.019999755169275785,-0.017591133321724226,-0.12163976977502884,0.02616026607161284,-0.010125461016211035,-0.12576493202186567,-0.004717800836269635,0.027419425127961732,-0.12493894052338916
-0.010974647400869791,-0.01308354235814537,-0.10377539508383596,0.017625293363165113,-0.004051385379716242,-0.10786560392250233,-0.005432207935382022,0.017223000680167144,-0.10853984058665223
-0.0012039475005762301,0.01051837720020943,0.053025452763087545,-0.009712750098863493,-0.003684081470278766,0.05153670746729233,0.010970362813743362,-0.004017042697618267,0.05605389546770034
-0.0014482630691524544,0.010492428187540197,0.053527617484263365,-0.008455877773392358,-0.006492750545153723,0.05477072770263547,0.010949560915345873,-0.003461317091832086,0.057741306455283414
-0.004582355308176729,0.011159503472520245,0.06503939750290236,-0.00836922554769276,-0.008736289113163234,0.0649120788482153,0.01261386540477009,-0.0013479595649679155,0.06819539428907599
-0.00990780921394564,0.012733230812045032,0.09258968841341464,-0.006620246093092121,-0.014572995257556625,0.09215475052060107,0.01648221774566534,0.0024977479379356972,0.09439541467299861
-6.752690899503033e-06,0.0009187169115761652,0.003974999999999717,-0.0008150322863137438,-0.0004786902217251976,0.004850000000011789,-0.0007665375805140928,8.628840279800709e-05,-0.0012250000001934325
-0.0006965603023113677,0.00033853285054626884,0.001224999999999443,0.00011934295887176354,-0.0012195657015132452,0.0029749999999939547,0.00020911869062778532,0.00052089841898812,-0.00043750000009445955
0.0003561578374504183,0.00018942515668125985,0.0007833333333329285,0.00010507081328999959,-0.0007669604689952703,0.00176666666667676,-0.00020075435354471077,-0.0002964667569216317,-0.0006250000000503538
0.0002627496283850932,0.00010468314903159707,0.0007812499999995866,-0.00018340480711555087,-0.00026148462711031,0.0011937500000058776,-9.182822415112011e-05,-0.00025076149941896225,-6.875000004846754e-05
-0.0008175435510862639,-0.013417905627462152,-0.0712018389906613,0.013078722649204066,0.004365866301925259,-0.07601448128449206,-0.010966380139094956,0.00682077768557332,-0.07316791278633161
-0.007061390881280611,-0.018505033159283,-0.11134352857364709,0.02030666558181442,0.0023986348341350125,-0.11456798898195064,-0.012723804802581038,0.015307768795884876,-0.1123050146551563
-0.02031154866754695,-0.01777780049913985,-0.12088654873229346,0.026221330410239854,-0.009744539104739047,-0.1262103231617684,-0.005057839386229945,0.026315165354143664,-0.12352279976957092
-0.01164069718863311,-0.01280516887146974,-0.1055485550959904,0.017448859817802163,-0.003980545005052703,-0.10855148434407991,-0.00545559962430851,0.016147614088748857,-0.1051558706830269
-0.00036497827084897017,0.011191164932981517,0.05315095436367634,-0.009507200541419153,-0.0051129632874444275,0.05423930169952129,0.009388652214795123,-0.00375775468881151,0.052219506036843555
-0.0023510056380910476,0.010530007208558099,0.05389966681149816,-0.00822598773462154,-0.00703616161794164,0.05586340294208014,0.010023731624755585,-0.0037317714031210375,0.05397227540475669
-0.004274299940848492,0.011239226960868551,0.06436859327114419,-0.0080186451098361,-0.009095357746328232,0.06565249833426397,0.012051457762222686,-0.0022985534366990307,0.06608070463303879
-0.009875167953197235,0.012979490364214542,0.09269289794136348,-0.006254940045775268,-0.014908067354308552,0.09302683653999999,0.016196806058229922,0.0020344382198465485,0.09327890217823986
-0.0006317526908897197,-0.0009187169115761453,-0.004450000000000049,-0.0010291451267852025,0.0008472274550669345,0.002875000000024386,-0.000514912441278853,0.0006636069037821435,-0.0017500000000225668
0.00013604637276916817,-0.000400347656444176,-0.0025249999999998043,4.658372856440144e-05,-0.000777555244009366,0.0009250000000182723,0.000369029107782606,0.00010912941451736281,0.0010499999999691312
-0.0004504937384896308,-0.0003781405087108832,-0.0016749999999998613,-0.0002236655463358891,-2.7412195116990494e-05,0.0005999999999950489,0.00016362166561922908,0.0002148653650220687,-3.333333336759855e-05
-0.0004648956713599065,-0.0003347975120590852,-0.001631249999999577,6.712264626647442e-05,-0.00018920710677456696,0.00011875000001104752,0.0001305879779611426,0.0003806709585140119,-0.00014375000001454197
-0.0005450266526360603,-0.013463461218742999,-0.07316236015027272,0.01255049564655858,0.007781786408679603,-0.07959078837589395,-0.009244819893013123,0.008982775831591072,-0.06964687922588197
-0.007105430402473998,-0.018491424423264048,-0.11246574343539309,0.02094206303192769,0.0035896294750197783,-0.11878221519436849,-0.011850624939940824,0.016185543292087594,-0.11216163952658675
-0.020202932644196415,-0.01799899221401383,-0.1215024068767289,0.026219557845471246,-0.010167936220588567,-0.12908066312991018,-0.00477492689500425,0.02698401162438132,-0.12262554007556048
-0.011523223702171495,-0.01309294770528032,-0.10663833301244119,0.01766901649737822,-0.004555667106679493,-0.11238053080642185,-0.005166561964648223,0.01649519283191035,-0.1048970144403194
-0.0037501717824600656,0.010648921077538924,0.05294735637471346,-0.008599860386156177,-0.00560133190338763,0.05429707232806891,0.01081214713469919,-0.0023103079597255882,0.05314314096716011
-0.0031896333405982227,0.010432820011452194,0.054437120404353376,-0.009218518687511803,-0.006348089915274456,0.0568674963623117,0.010596089288274367,-0.003440873477188343,0.05566702851427241
-0.004781603244856182,0.011076823263655342,0.0648821418862124,-0.00831352847810837,-0.009383225726456088,0.06808805814338588,0.012407209213925163,-0.0015248933579142016,0.06671512691460713
-0.009773370728351728,0.01298419526598194,0.09140022956871871,-0.006226173044550438,-0.014993475718006338,0.09383514736902576,0.016245501203007145,0.0027695395917591206,0.09414522018714178
0.00062331804184107,-0.00046080840722787577,-0.002749999999999717,-0.0013276402374071128,0.002120165403969587,0.0007000000000090267,0.0005116281529167488,0.0007871659659930419,0.0007999999999341867
0.0006909354574961372,-0.00044699552503961833,-0.002662500000000105,-5.773118362991288e-06,0.00047666051301390827,-0.0007375000000031662,0.00043074201613405955,0.0007135670588483597,-3.7499999994139444e-05
0.0002641227054785343,-0.0003679122299599957,-0.001491666666666916,0.00010072708727025339,5.7712452967389237e-05,-0.00034166666666261375,-0.00023762500548402915,3.569566928152135e-05,-0.0009666666666833615
-2.984689784797729e-06,-0.0002802419662768264,-0.0011875000000000822,2.356521220118377e-06,0.00015302270604738112,-0.0005937499999664198,6.211424424295535e-05,0.0002682945235991283,-0.0001312500000016925
-0.0025133412907690778,-0.012343973776532315,-0.06871536517793074,0.012266148484565281,0.0044430048425359026,-0.07076401289816125,-0.011471729781491191,0.007624784916629435,-0.07535250605625876
-0.0061689641552965645,-0.018700528607649942,-0.10884931079936448,0.019410953764711678,0.002635755619879227,-0.10893388907051715,-0.01191991077421443,0.01689276230002232,-0.11507269994175395
-0.019537508410184264,-0.01741029392032431,-0.16068507637399024,0.025546174099134462,-0.008427009092522706,-0.16219281527735108,-0.0045917887925870215,0.027480062571261156,-0.12522839514641504
-0.011556692860720837,-0.013200478004897324,-0.10588126352766883,0.01734600097201135,-0.0032867085350026044,-0.10590969307790603,-0.0051297453404267205,0.01722188529599378,-0.10845449288257036
0.001157931275717894,0.00946401452520363,0.048215680009287984,-0.008495170510328803,-0.004688048620866969,0.051032887531832216,0.008102182367703686,-0.006599114143426843,0.05174879877483107
-0.0010980767398231321,0.009816892483933979,0.050737404028083286,-0.007964109000269424,-0.006699920685579144,0.053182236455073806,0.009845685689905157,-0.0036761364051883672,0.05445504556966796
-0.0035608176413531073,0.010697212858522171,0.06221781682457938,-0.00805241615934851,-0.008931731946771762,0.06465491806899593,0.011971137742033374,-0.002521016405132581,0.06628331412522985
-0.008628943712176677,0.012816195974615996,0.08884714463985002,-0.006032894727666338,-0.014174347068721099,0.08910815448757159,0.016100377465281004,0.0019604279239854015,0.09352478048266777
-1.2814570495012223e-05,-0.0012687262140516444,-0.00492499999999956,-2.2119028820349884e-05,0.001784442552117682,-0.0024749999999684746,-9.66173671311521e-05,0.0007795199343102466,-0.003424999999968037
0.000538018324922371,-0.000999169805974993,-0.003987500000000958,0.0003066351434571901,0.00033346749011502967,-0.0025500000000011624,0.00026452883516066744,0.0008101749795825292,-0.00037499999998580336
-0.0003638904671952682,-0.00048716090975943173,-0.0019750000000008806,0.00012271479710267746,0.00037731750227825475,-0.0011666666666521053,-6.956016311466489e-05,0.00024744045487975645,-0.0006500000000168408
-6.813946951853438e-05,-0.00024866940537644793,-0.0012937500000006464,-7.28203917042156e-05,0.000563635559910464,-0.000874999999989079,5.064407317488747e-05,0.00019879672863578146,-9.375000000755307e-05
-0.0014351138304807831,-0.013417172412099483,-0.07255123118336107,0.010829456487903427,0.008204458656693725,-0.07108298769331611,-0.012802962631029702,0.005948239097837427,-0.07417415770749614
-0.008275549976661923,-0.01835060183279503,-0.11187683585646209,0.019749867147732515,0.0036202849270793192,-0.1135040901212081,-0.012422817726296756,0.015157003745189555,-0.11034706007082562
-0.020576487824905048,-0.01777820311262478,-0.1643708246936941,0.025500730168987875,-0.009012397834781694,-0.12495069459140806,-0.00521514868101282,0.026140496671983423,-0.12119747547671977
-0.011872894759054434,-0.013206539847115954,-0.10645032707032351,0.016995274150664347,-0.003739922978693884,-0.10775501539629917,-0.005908781049468167,0.01623556432550722,-0.10525711194877552
-0.0015160420803461694,0.010382764446588953,0.05381234224501601,-0.010223536749447149,-0.004917528261330628,0.054180084698796094,0.008369118106012208,-0.005363300992405895,0.05031212132702301
-0.0016918224191154864,0.010615675028871546,0.05468319879702729,-0.008434245264483171,-0.006222428427845841,0.053337935787123314,0.009595267041148041,-0.0036398821656427297,0.05321264951294591
-0.003603838298417626,0.011669081568811048,0.06520484909020483,-0.008353729576713162,-0.008892646577451726,0.06610199312297264,0.011937678952258559,-0.00216416284165577,0.06607883309877789
-0.009433351834579226,0.012881075040371217,0.0917521040255935,-0.006042725535580408,-0.014627342412588614,0.09211279217253843,0.015800423087187387,0.0024084482696616837,0.09305341776186804
-0.00031281999973015173,-0.00019999965866691487,-0.002099999999999971,0.0009368916965846186,-0.0009036856914307334,-0.00035000000000451337,0.0010463325919272959,0.0004825770610270008,0.00172499999990805
0.0005546894349456939,-0.0002220810814151984,-0.0013000000000001487,0.00042105793917242745,-0.00023930035854731932,-0.00057499999996935,0.0002730630228320319,0.00048384791803073805,9.999999992515995e-05
-0.00026821919876399543,-0.00011314208475593402,-2.5000000000529576e-05,-2.7730702131404223e-05,-0.00032646186893287813,0.001025000000017447,-2.4151796455619745e-06,0.00020795837043270055,-0.0008250000000487034
-0.00013242966315511092,0.0001492467672658292,0.0007937499999991739,-0.00037718838546024465,0.0001594425791629524,0.0012125000000251518,-0.00041873486979716076,1.9856936989429873e-05,-0.002000000000035307
-0.0005600332641311767,-0.013668246731780704,-0.07444008998287903,0.01253992165919926,0.004881814688155461,-0.07423327146907077,-0.010782132053806237,0.00827451042245686,-0.07357074443330447
-0.0074197809554754635,-0.018227371096600584,-0.10987627651229628,0.02101218781796521,0.003099658959387291,-0.11658679340058598,-0.01312925528087113,0.0162176324561589,-0.11483382462151859
-0.019680037595716564,-0.01784426698929035,-0.16116284903902567,0.02643785359443063,-0.009886148918884785,-0.12545447587375413,-0.004929460900695333,0.027472363015796846,-0.1244044808622687
-0.018140795423532967,-0.012221970044317333,-0.10767035365240987,0.017351319224996966,-0.0036615884069560326,-0.10580363594990816,-0.005310873177480212,0.016844432695586192,-0.10691770324886551
-0.0008755883288968924,0.010451274032235242,0.050708725427649794,-0.008416736315582096,-0.0070533483415013976,0.05585895224164972,0.009028829570625202,-0.006604261924371413,0.056171096794033204
-0.0018932880071209635,0.010105644013118953,0.05319252310080584,-0.00802025020351587,-0.007224375029590835,0.05531822793729546,0.009847199281091186,-0.004086629055059953,0.055765415345487845
-0.004595399015475518,0.01117510544625337,0.06491652172021681,-0.007786631299835526,-0.00950317217636641,0.06599040726461188,0.012305014743872881,-0.002435353273560243,0.068035520944143
-0.009797064276082249,0.012362854298525081,0.09127007695127595,-0.006271927899773775,-0.014846583441227724,0.09208231607069628,0.016189809359631685,0.002128643508397517,0.09448799639664718
-0.00031346039749274857,0.0003429982072561651,0.002550000000000067,0.0005384374965680672,-0.0011326010154119603,0.00022500000014247235,-0.000810431712332943,-0.0006132139662856639,-0.001150000000027518
0.0004162465288374643,0.00015277700752429403,0.0011124999999997842,0.00035479239503563884,-0.0007575182932225329,0.0008250000000487034,0.0003892969305159995,0.000417088565342801,1.2499999968440534e-05
8.928005714289469e-05,-1.4142855634185377e-05,0.0002583333333334144,0.00022810422429182995,-0.0002808025866532108,-0.00011666666663856518,0.00010929685592389207,0.00014311129200742352,-9.166666670168411e-05
-3.1753159750692067e-07,-9.072294330213519e-05,-0.0004937499999995208,0.0002561180404162708,-0.00030813638505679036,-0.0003437499999758842,5.274918109035722e-05,-3.029320398476178e-05,6.249999984220267e-06
-0.00035266484554874467,-0.014098448021532931,-0.07683164501051602,0.012422070729364854,0.006133080362125121,-0.07481972882588117,-0.009908637678242987,0.00960370593942883,-0.07314168352747785
-0.00689616257339925,-0.019795285287678113,-0.11701543598280598,0.020543753752259673,0.0022371209990940727,-0.11594148037878949,-0.01237204818891243,0.015773020171219423,-0.11125161455662891
-0.021243623275563197,-0.01775278687947838,-0.12621815923164081,0.026220780203953815,-0.009970968463178718,-0.12735118859259487,-0.004959114611643405,0.0264242548904436,-0.12129000656958173
-0.012145433022911207,-0.012934870131013772,-0.10908927337065624,0.017396218383104935,-0.004382996555363593,-0.1099435294142026,-0.00538014906670343,0.016191918392770243,-0.10361237538802914
-0.0011139518291819472,0.010027011937731017,0.04919007684433819,-0.00830455561461399,-0.006533999866026319,0.051836880939148955,0.010017692321812044,-0.004001314286378177,0.05471449066249967
-0.003204485360415917,0.010440732226384782,0.055745971177835474,-0.008199384719229097,-0.0069509325321126525,0.055297636185658305,0.010393102753433593,-0.0038024095285008976,0.056695936743245134
-0.004189646614362925,0.011867040619220929,0.06687534664207849,-0.007815646416780524,-0.009397855072304903,0.0651569652375746,0.012353248070105297,-0.0023777211987097147,0.06706476895419478
-0.01063520758937558,0.012873674363209452,0.09582044653190305,-0.006014739647997182,-0.015096200217476631,0.09288153603348448,0.016207922195935653,0.00276140909508554,0.09476301636650586
0.00030906933092683664,-0.0006597381069709677,-0.0013500000000002278,-0.001317135428797328,0.0006769524818345252,0.0031000000000780403,-0.0007039260204663722,-0.0013977355739075437,0.00029999999995311555
-0.0002784583305542259,-0.00019444285648540353,-0.00011249999999993088,-0.00110666482385101,0.0009601780361603554,0.001287500000080044,0.00037652313472944264,0.00010494409768043352,0.0013499999999666557
0.0002678241049214325,3.477676479024744e-05,-0.00019166666666651326,-0.0004923589614912381,0.0007466301713832113,0.00042500000005200417,0.00035259208150494644,-9.6388315713934e-05,0.0020999999999678685
-6.580064769518878e-05,1.7190784631616315e-05,0.00038749999999987666,-0.00022335654916906314,0.0004028122588291345,-0.00017499999995784776,0.00016828040321375788,-0.00047074310975158654,0.00137499999997015
-0.001247316791547215,-0.012266251864012992,-0.06800320794879769,0.011622347782836578,0.005840702943696319,-0.073295365187942,-0.00975998243870485,0.007794126487666031,-0.0696686568956828
-0.006582180766166272,-0.01832901370553743,-0.11060771666741061,0.019305994000276123,0.00375449237469436,-0.11086256798238381,-0.011839983357590943,0.014747365784500052,-0.10635888915859759
-0.01950877759922898,-0.017373777088831966,-0.16153453444961097,0.0254859326295721,-0.008927595014512704,-0.12307746474729726,-0.005814702924750963,0.026007579878624176,-0.1607123616423678
-0.018054992495845548,-0.012290301312118931,-0.10834196698409368,0.016785328557663414,-0.003350404198663492,-0.10488869544932611,-0.0055258101741752,0.016553078347549776,-0.10545917403410598
0.0010311535117366044,0.010287057025567148,0.052607221332391305,-0.008481783474595384,-0.006675381963167082,0.054764077641156206,0.010114992510808218,-0.0033565494338347324,0.05296340727820592
-0.0016823814653714002,0.009815647474787463,0.051747177112219066,-0.00787929225075522,-0.008117926846795687,0.05672065203787824,0.01003785070749034,-0.004283995055821678,0.05456531552663346
-0.003668201337008895,0.01100968816550092,0.06385101390570097,-0.00813805652344346,-0.00998212556944933,0.06771972477525405,0.011909355857511914,-0.002483298227834837,0.065582132453601
-0.009202989171183382,0.012903319451744683,0.09097305337137537,-0.005791018594741848,-0.015336629197309957,0.09358490471205183,0.015783646742589426,0.002153774428096564,0.09200470580812414
0.0009340202663521424,0.0006628003208873799,0.002149999999999626,0.00013795146605946607,0.0004394327549062105,-0.0009999999999621423,-0.0001950526613836434,0.00011309535144499172,-0.0025250000000198725
0.0004147791100583831,0.0003254371458594645,0.001937500000000155,-0.0002556883954624784,0.000493865284960525,-0.00044999999997408224,-0.000787481407816938,-0.00034179326574568236,-0.002300000000010627
-0.00026903452965211717,0.0002029954474173654,0.0011083333333336003,0.00012400230793475315,7.093294050543517e-05,-0.0003666666666587067,-0.000690469951696225,-0.0005256811444991667,-0.0012833333333498824
-6.610861711562215e-05,9.118346585715957e-05,0.0003625000000004687,9.280526055173506e-05,0.00035459333091429553,-0.0009124999999832184,-0.0002251123433319019,5.622962390880887e-05,-0.0009125000000054229
-0.000613517645367545,-0.013802252131724117,-0.07404370781120095,0.013743800801185868,0.004268074116832443,-0.07829778771704099,-0.011701149103544861,0.007441309575903499,-0.07348831390316946
-0.0070893474787528075,-0.01913824163384846,-0.11517928853508934,0.020759566078757716,0.001977260875209009,-0.11568672333064356,-0.013279705404659368,0.01601603348993446,-0.11505000907168217
-0.021085152086373064,-0.017675793456401117,-0.12684730457142426,0.02627524183389287,-0.009740056799023964,-0.12471543597524226,-0.004066077426804046,0.027052322063437304,-0.12797693245415095
-0.011842723540527593,-0.013181771205456203,-0.10856795190439553,0.01726851174445136,-0.004095488504741057,-0.10747230834985688,-0.005390020001403896,0.017467012623866126,-0.1106066140907247
-0.0004382743618580598,0.009585167247453476,0.04811488160437485,-0.007976049402721314,-0.006253430480669675,0.05208787490555977,0.010478514919060045,-0.0034989908643326406,0.05400382504858747
-0.0017498515031472766,0.010363799011467573,0.05479817082034023,-0.007559307155734064,-0.007452590846797798,0.05449186729542532,0.009995514964337673,-0.003878293929751278,0.054081073305889404
-0.0031975090405105583,0.011421885982383325,0.06346281594379614,-0.007181568277169322,-0.00962498043091477,0.0643221986699712,0.012160242586353497,-0.0020283780835992993,0.06632967609646971
-0.009377463394871192,0.012542475455203667,0.0912487715122472,-0.006332675895972206,-0.014785175839034104,0.09028819888690087,0.015752738564839542,0.0024506075453550004,0.09210299443132008
-0.0021875606374885392,-8.662497170253483e-05,-0.0007500000000001603,0.0005098119924447364,-0.0018730097132574342,0.0031250000001037392,-0.0010350057224675635,-0.00048095706199624555,-0.002725000000047828
-0.0004167173069268158,5.3305523483408936e-05,-1.249999999999949e-05,-0.0005242390210809091,-0.00031023085325345947,0.002512500000051432,-0.0008445904228740167,-0.0011155145671040393,-0.0007500000000160156
-0.000357521974111192,0.00011665096429296258,0.0010583333333327616,0.00017741685976794898,-0.0007237851852145585,0.001100000000035332,-0.00010368239745234265,-4.308352626444404e-05,-0.0001000000000139778
-6.924719230776071e-05,0.00030463173088301305,0.0014687499999992055,-0.00023278247280571134,-6.073342305091881e-05,0.001087500000029884,-8.419532317391196e-05,-2.719941692342967e-05,-0.00027499999999403
0.00017943158903133138,-0.013141518506447257,-0.07217891285652353,0.013816783903393415,0.0029992670968481683,-0.07569404335945329,-0.011502192377329384,0.007693244205450589,-0.07584537185554296
-0.006585121117292431,-0.019060035081488357,-0.11322569262259238,0.020914715318940427,0.001875832721061806,-0.1153081434361436,-0.013226642509697122,0.015492819468301524,-0.11395304355681368
-0.02081207898001079,-0.017473132261141493,-0.12538601661167617,0.026627966972878926,-0.010410418979033395,-0.12749135087503083,-0.004588273330694202,0.02710822309154513,-0.12613072680312717
-0.011814038036024965,-0.013239927319576789,-0.10799875080862704,0.01796408653959089,-0.004197195979650281,-0.10981066188506805,-0.0053263436731695426,0.016856195619569553,-0.1073496259929474
-0.0014008812886032174,0.00971820282154457,0.0486675619205583,-0.009343594089144397,-0.0062068603472811845,0.0561995662198278,0.00989033974334308,-0.004287448319525988,0.054778657640497386
-0.0016661774387138895,0.009824550416401857,0.05209175180529234,-0.008352305508933018,-0.007452994329104006,0.057510217798073526,0.010427939800739127,-0.003666864484663801,0.0562966985512503
-0.003336251039513199,0.011082123932605967,0.06296356327546673,-0.007687004623378338,-0.009554075309736534,0.06676878553385872,0.012000762881203813,-0.001533899973068282,0.0653467059857545
-0.009185169903231838,0.012790959787960585,0.09039196464097521,-0.00581369483594461,-0.014835074856188457,0.09269835500174128,0.016152871188219835,0.0021304059628678954,0.09286197979649913
0.0009362658931477696,-0.0003917786583721507,-0.0029499999999998416,-0.0004094896499523548,0.0008460693513012707,-0.0004999999998922533,-0.0002414051400098649,-0.0005822509214770122,0.0013249999999409567
0.00041102797229377843,-0.0005582675878304626,-0.002362500000000288,-0.00011268330695849797,0.0002556732006170965,-0.00014999999993214885,-0.00036357168423558256,-0.00043139170088604375,3.7499999994139444e-05
-8.408076619868612e-06,-0.0005424131137581904,-0.0028249999999995917,-0.00031467465248394673,0.00043681836256470596,-0.00022499999996483666,-0.00011856448960420993,-0.0003437879582461413,4.999999999218593e-05
0.0004534736882447356,-0.0004339696464762589,-0.0019687499999998907,-0.0002134745344873667,0.00033253822569409417,-6.874999998185416e-05,0.00017669877625920165,0.0002778275795972381,0.00031249999998816946
-0.0007032942727011604,-0.01288149006337094,-0.06863969473582814,0.013140488811416717,0.0031127432326139015,-0.07290679836642333,-0.011455620290309193,0.0076711576774898815,-0.07527181398554461
-0.006818019792921416,-0.01843987047118474,-0.11058597892067426,0.020061826897520497,0.0017916796937158777,-0.11238217290103769,-0.013311655851766833,0.016044618589794137,-0.11625456176864724
-0.020504700112106245,-0.017659784585385422,-0.12244070190630119,0.02569328456116846,-0.00961351336537559,-0.12308145657515442,-0.0044126369794099595,0.027251308537891254,-0.1280628034884046
-0.011260455827935301,-0.013020365566790896,-0.1037729165224599,0.01711771222133447,-0.0038021952947556318,-0.10493280774532265,-0.004992750698904802,0.01711007667572544,-0.11046315396017192
-0.0030843041516487313,0.010416033232281713,0.05143936897919055,-0.006785838071520639,-0.00850515738221036,0.051132500158423966,0.009079046792793977,-0.004629508381349956,0.05333365105859578
-0.0019714529992479837,0.010331204739184382,0.052523547928318814,-0.007500592118411192,-0.007362562341255307,0.05257816551327288,0.009868281807698387,-0.004240102500330245,0.05475327380226602
-0.003927373412282046,0.011091844583678357,0.06225429625221812,-0.007686236796225289,-0.009143405620872356,0.06252235138234734,0.011691582687561947,-0.0022973340489693523,0.06535675223579378
-0.009355074288976651,0.01290020974135853,0.09058337514576997,-0.0061432436557857266,-0.014646376168773866,0.08938968352041332,0.01578571555020733,0.002014814115788416,0.09216808408089583
0.0012481379326398367,-0.0004836514706842851,-0.0007000000000000762,-0.0009938346089422012,0.001951996912483156,0.0005750000001469857,0.0010263504550862834,0.002294814614237084,-0.0024250000000947125
-0.00027808977717813654,0.00012999950080066027,0.0003875000000002441,-0.00012199143361991805,0.0007300658207081639,-0.0019124999999231562,-0.00017006315525104466,0.00042156161264881063,-0.00207500000004579
0.0005356095233146777,-6.162488126912489e-05,-0.000541666666666003,0.00035909213781461425,0.00020178106256707462,-0.0017999999999259348,0.00011442974357353133,0.000553549350036058,-0.0010333333333593468
-6.58021105235852e-05,1.8052625681799546e-05,-0.00020624999999961662,3.895235322377917e-05,0.0005501759272009162,-0.0013937499999450154,-0.00016878321020570648,0.00032954951551709017,-0.0014187500000151232
-0.0019178666829308688,-0.012710346748263423,-0.07030692734750103,0.011881882195564908,0.007250078444376307,-0.07476983958221162,-0.009325720037599988,0.009063950687088207,-0.07090693936104842
-0.006913690259717035,-0.01875810035346409,-0.11040291186305787,0.019806969275939997,0.0027241300673121038,-0.11221968913093239,-0.01211759072923535,0.016231459182754357,-0.11252651077526821
-0.02055816721137856,-0.017432417831915313,-0.12097024717253012,0.025776227432140315,-0.008855974650168186,-0.12299450256824847,-0.004969103164503235,0.027425557523208598,-0.12406471934447438
-0.011207293798097248,-0.013237217440492995,-0.102871239097056,0.016642423984490663,-0.0034083915719437955,-0.10383556497786106,-0.005413262672692242,0.01709603877283726,-0.10841900708262742
-0.0004822547534436006,0.009960393103813015,0.050414598923755084,-0.008247086849696994,-0.007689527690743492,0.05457842484561937,0.010280154679295078,-0.0040970319696923,0.05342408231716611
-0.001497603569131398,0.010589155837025183,0.054386163919645944,-0.008500221986692166,-0.007750955025247968,0.05746081941699899,0.010611770721084823,-0.0029901858243456627,0.05675001748302044
-0.003979728911309472,0.011095680674250192,0.06377094088680231,-0.00810152131974178,-0.009740374002229133,0.06660587840867649,0.012211975946849073,-0.002040508596447475,0.06597895823500603
-0.009558206267169434,0.012724310080354035,0.09148633729566572,-0.005623665316963724,-0.015330894737177928,0.0934564782299585,0.015845993154308412,0.002475134471657814,0.09254095156718822
-0.0003140437997636858,0.00043487134633437115,0.0031999999999995656,0.0008574972491723343,-0.000948980533210797,-0.0025499999999567535,-9.908290539428766e-05,-0.001382848407172066,0.004049999999899967
0.000138030755852947,0.00021724774024483985,0.0014124999999997688,0.0002371819147180111,0.0002947254622730365,-0.002324999999991917,0.0002920903816193575,-0.00016629043763587918,0.0006999999999202089
0.0006234131944659367,0.00024042158944359533,0.000550000000000148,0.000383357874736423,1.1391757339028277e-05,-0.0015249999999985182,4.223373957699751e-05,-0.00022984545399292892,0.0003999999999374874
6.57878453935723e-05,6.513157623391884e-06,0.0003437500000002158,0.00012212649629741562,0.0003707140570337988,-0.0015375000000039662,0.00018973513623244428,0.0001945262371431871,0.00059999999995064
0.0007364351973584982,-0.013490672991867502,-0.07212689059754555,0.011853275426871451,0.005294414765551203,-0.07245768249672935,-0.00974722671212569,0.009849096896753784,-0.07557571154448439
-0.006208612614380351,-0.018378478963917682,-0.1092942012570429,0.020306158857780258,0.002438030785287568,-0.1144449127926217,-0.01303277248231501,0.016602130442250958,-0.11575300911923492
-0.019741482694238453,-0.017355856513911243,-0.12105814083188662,0.025967254605484207,-0.009239823875775313,-0.12329806073971088,-0.003970665444663624,0.027402487606804048,-0.12707129356247884
-0.010783044847359152,-0.013120627565885612,-0.10301872478405132,0.016846780899315378,-0.003500866025813045,-0.10401847939700282,-0.00510231970702061,0.017267429014080102,-0.10805820205670447
-0.002571489171029895,0.011185060895306125,0.05696753694360007,-0.0077185137074171906,-0.007260212084303497,0.05174178526354822,0.008829041372473284,-0.005879673178527112,0.052180181519023705
-0.0031465496697820803,0.010717290224993146,0.055803576652653473,-0.007596598587417434,-0.007743517040917667,0.05473919500489366,0.010101409104779389,-0.0030311407357183936,0.054867074974485064
-0.004498636931057105,0.012018507002125239,0.0670892812055503,-0.007485737313920763,-0.0097352665127234,0.06593588796709089,0.012255077489383415,-0.002148630248789101,0.06752934261614978
-0.010541912362022796,0.012891594661136294,0.0941424328296643,-0.006066127654860113,-0.015335176309568578,0.09377203520681832,0.016335373742973155,0.0026448562817009925,0.0959999113052612
-0.0009379658056571372,0.0002388743944523313,0.0018250000000002182,0.0007390448594178645,-0.002100807105019642,0.0009750000000252612,0.000977544805446512,0.000880538169351075,0.0032249999999400814
0.0001347321870058692,0.0004805315850023306,0.0015625000000003687,0.0004197459312920025,-0.001041186184510175,0.0002750000000162345,0.0004374154551299118,-0.00024731993857823257,0.0025500000000011624
-9.039450269460974e-05,0.00019799586050602672,0.0006166666666671814,-0.000262413461036123,-0.000154457905939582,0.0018333333333231394,0.0005908466769871668,-0.0001242275358177241,0.0022583333333159317
0.0001950448907369442,0.00024849867438693046,0.0014874999999998498,8.514790454003822e-05,-0.00025483545920544274,0.00014999999999876223,0.0004445868182548364,-2.1831058924065854e-05,0.0016062499999858204
0.00025801712710132874,-0.012830428314335462,-0.06935059583874141,0.014107067525106348,0.003088892616763539,-0.07499859426460809,-0.01038554721607271,0.00831763013553477,-0.07167161647814169
-0.006718486332611222,-0.018484507963728095,-0.11052063632474325,0.020748502359572173,0.002774347450166001,-0.11488062015181377,-0.011995516839962016,0.016064479373574064,-0.11173800598638373
-0.020131661448009826,-0.017790073852467943,-0.12064881926628747,0.02611672169876326,-0.010570477750298077,-0.12829293560625935,-0.005029134576337817,0.02725993264266885,-0.12306760135135282
-0.017583200525333655,-0.01243768014726745,-0.1051004062765164,0.01784871341764262,-0.0047462835018118555,-0.11148296465217367,-0.005216342563498905,0.01669495843914419,-0.10514102849705775
-0.0017577931101381283,0.010092757699507123,0.05041609903577084,-0.008926672725676627,-0.005867720909526197,0.053738958234728074,0.009869310675352655,-0.004592397446268048,0.055784315941753704
-0.002049438773509148,0.010176093356377307,0.05324317045829992,-0.008516659278576255,-0.006554499829913235,0.05432127139388676,0.010717227104924738,-0.003376813045306385,0.05731993715152317
-0.003871191411442781,0.011339715375722068,0.06289905816392302,-0.008128459112392057,-0.008798982674009961,0.0643119037402921,0.011896852320486094,-0.0020114050421567364,0.06560527607920956
-0.009381503351244283,0.012197996703588442,0.08849230073590933,-0.006275729637611326,-0.014521714313460606,0.09215448728379094,0.015918410548743572,0.0019855813207529,0.09278294090990236
0.0006247908626161314,0.00016087481874756912,-0.0006499999999998879,-0.00022068451032211667,0.0009543597666306081,-0.0015749999999314923,0.00037747438969004676,0.0005038048574920739,0.0005499999999436511
0.0005555000000175466,-5.555551851851032e-05,0.00021250000000024258,-0.0004693752061006122,0.0011717293316510563,-0.000887499999979724,-0.00010878357136540679,0.0005467540972439425,-0.0022874999999977774
-6.321836922998766e-07,0.00014874820880851457,0.0005083333333333269,-9.00043184029872e-06,0.0003034253434381589,-0.00032499999997881446,-0.0002435788504546415,0.0005609110239295541,-0.0019083333333410242
0.00026183133808018556,0.00018683582618604576,0.0012562499999995258,-0.00013945884867530713,0.00014728685718279344,0.000406250000017927,-0.00039302843343016596,0.0002360465748594159,-0.001818750000004421
-0.002796455637346651,-0.012201053101531526,-0.06700428426092593,0.014298849781615997,0.004424512960711502,-0.07876507717665682,-0.011874422673325419,0.00761201722634941,-0.07527918829586255
-0.006725404798661276,-0.017908259852943205,-0.10640602580830691,0.020896843054610828,0.0030480594178989356,-0.11603021348143283,-0.012920700428901206,0.016414704059327902,-0.1168775078435047
-0.01954797260202765,-0.017866599935162316,-0.15980566509478714,0.025713934241125527,-0.010085492867525516,-0.1275490723144035,-0.004295904099218499,0.027035376109436782,-0.12751008190958757
-0.01784657314078346,-0.012294164824426407,-0.10576348630817094,0.017419651044485354,-0.004425557819155055,-0.10930168094049064,-0.005478679273338882,0.017445528316099548,-0.1101479969175756
-0.003130262183105581,0.010760019499351493,0.05353449172707878,-0.009156118348938036,-0.005221966214406792,0.053297101130933555,0.010223932475232622,-0.0034256892424908147,0.051968622187903435
-0.002332862698036416,0.010566957045260348,0.05442370063118328,-0.008115924134962895,-0.007103587620102856,0.05531109042884452,0.010676458178103069,-0.0034511680309996023,0.05579360262912836
-0.004560388632660458,0.011401862902990634,0.06616259941918692,-0.008100099851441571,-0.00925668173135207,0.06615587440646682,0.012747217295290192,-0.0018223475339109094,0.06864202170168514
-0.01061701910018566,0.012503839670323978,0.09430719708110273,-0.005715972485892688,-0.015057971095292099,0.09342424281806316,0.01641799664652828,0.002859187861742037,0.0945689930628435
-8.954838037755763e-06,0.0010473239569255433,0.004000000000000051,0.0012286765875037242,-0.0021773802743041415,0.0005500000001212868,-0.0008638673090199944,-0.0020265105112882154,0.001100000000064938
0.00013743753158077275,0.0002818144614333231,0.0011125000000000054,0.00012574356964001332,-0.0005695419245141694,0.0011750000000532168,-0.0004992066599016384,-0.0013145077302459088,0.0015000000000320313
0.00044481736518172825,0.00024047494609269726,0.0008583333333332802,-0.00016590524768176192,-0.00020077193055499456,0.0015083333333739308,-0.00021243321628470043,-0.0009060507434559868,0.001175000000023611
-6.606888714338606e-05,-8.467043792102395e-05,-0.00043124999999948326,-7.831568124561095e-05,-0.0006600045808593641,0.001806250000013776,-2.0872825735362393e-05,-0.0005172054747552177,0.0009750000000252612
-0.0012547519638445026,-0.012397626911464784,-0.07044362282146929,0.012544634111429781,0.0038762891390389798,-0.07158538459171027,-0.011964150122556472,0.007248389306248326,-0.0741997195635058
-0.0069464927820789895,-0.01806055764026849,-0.10969715551995515,0.020139539598439078,0.003331990456363466,-0.11262574752808341,-0.012780590834189488,0.0161534376282456,-0.11467088848262641
-0.020015651110513434,-0.01815375403604045,-0.11979004395914089,0.026090789864802847,-0.009060602309223549,-0.12252687913635318,-0.004233454557665629,0.027428216570448926,-0.12777152225774321
-0.011286139550551275,-0.013307758654149843,-0.10545421664637496,0.01718518953422007,-0.0034013051908303085,-0.10569163449623276,-0.005158508807780255,0.01747904102268888,-0.11059306663858681
0.00042766892174167515,0.010130602810526674,0.05267933861855363,-0.007204301625582388,-0.0068545495666011425,0.04984289897569383,0.009669356353488728,-0.003520238045999491,0.05173585811570902
-0.001090484187316671,0.010612819550372429,0.05332064801772866,-0.00831057683006268,-0.006674937350545671,0.05407310102603091,0.01027960448681978,-0.0036044497178181847,0.05672417559570153
-0.003933776396508207,0.011086479928766494,0.06379723959952731,-0.007905620898258914,-0.009245071583015296,0.06461154867463866,0.012060849390724387,-0.0023448174409714173,0.06678081826732019
-0.009689046866662457,0.01240481006688929,0.09240101936760461,-0.005952010385538778,-0.014436343203956644,0.08990248271076862,0.015981538040236866,0.002527605917353547,0.09441188701528325
-0.0031257315532204344,0.00029859255512875533,0.0006500000000000787,0.00035956094587147325,0.00020596578644005437,-7.499999998827889e-05,-0.001107066054953365,-0.0011637491770036257,-0.0011750000000532168
-0.0002778882999265875,7.894434129041402e-05,-0.00013750000000016302,6.10820552070389e-05,0.0006735936178990808,-0.0021249999999639613,-0.00011268330696003994,-0.00025567320061401253,0.0004874999999682217
-8.970682694889717e-05,0.00012385618833353758,2.4999999999805617e-05,-7.94589436232356e-05,0.0009795169819633495,-0.0015999999999571912,-3.2810558055207384e-05,-0.00039253889535478023,0.0006666666666414282
-0.00039478456280074353,3.534864126185223e-05,0.0005187499999996008,3.804271999758039e-07,0.0003030711111065127,-0.000887499999979724,-0.00017134372154229007,-0.0002809076111647502,0.00033749999996945945
-0.0017398251454803226,-0.013314295487574217,-0.07088865760570413,0.012130702637020568,0.005377214397001007,-0.07376259803200114,-0.010531103022504845,0.008468518287667315,-0.07239721530929444
-0.007641155689957429,-0.018008377518359167,-0.10976369893413926,0.02009116040188868,0.0027351894365226473,-0.11368323333096342,-0.012101822352365689,0.016180519356936984,-0.11219452789945628
-0.020213724765050383,-0.01790372196353927,-0.16288439968180218,0.025595295460364976,-0.00956963987974041,-0.125806710629243,-0.004982886293500498,0.026988915014309594,-0.12305043144200667
-0.01826984975180167,-0.01224996646219978,-0.10777984254050596,0.01757785291760691,-0.003704249920024576,-0.10858689264010568,-0.005176434822837835,0.01682269689292361,-0.10640467531142228
-0.0022287818846195018,0.011017700377139322,0.05387657256386944,-0.01001105142304018,-0.005140486595868465,0.0541437138787515,0.00815451654428978,-0.005619847434627789,0.05011198139097672
-0.0024504126664221587,0.010825369059824513,0.05610288360094383,-0.009177602088691277,-0.006719785722629644,0.0570849965016329,0.00959687650998788,-0.004351995720245114,0.054313485203683065
-0.004713204125200313,0.01127403068399486,0.06551983120096208,-0.00822853855105693,-0.009274724579078868,0.06665506003737202,0.011809921825774223,-0.0027508063604742006,0.06456923705265478
-0.009974354943022656,0.012902841898601013,0.09223929970655309,-0.005996873945464314,-0.01473075195514968,0.09213592444095031,0.016088658220718238,0.0018771612652331673,0.09262132809959578
-0.0021889580504655393,-0.00042262164647860213,-0.0014250000000000766,0.0014505269697387413,-0.0013308416819263202,-0.0013749999999035367,8.632594271362759e-05,-0.0014871211880609914,0.0035000000000451337
-0.0008334121332960928,-6.566660362666957e-05,-0.00028749999999974336,0.0005385388807615459,-0.0008117768009370993,0.000525000000051179,0.00026171795072187857,-0.00014920705889339322,0.0011125000000333785
-8.958907414932263e-05,0.00010460655636067364,0.0003999999999998232,0.000270459416795908,-0.0006689662226170924,0.0008000000000230045,0.0001363868702796462,0.0003337288614089059,0.00019166666668605595
-0.00046053044210435596,-1.0315788373341794e-05,-0.00039999999999972143,-1.8181219460511322e-05,-8.66140862219501e-05,0.0005062500000319048,-1.6484699281785343e-05,-0.00014227567045698106,-1.2499999990644994e-05
-0.000985976101278152,-0.01427624141632616,-0.07718629306151223,0.01313242626309677,0.005328786764714766,-0.07691971722594282,-0.010619859639262458,0.00815595046673584,-0.0743692248831529
-0.008457786321481987,-0.01854646248160954,-0.11420481808531573,0.01983760312534016,0.0027827421784057086,-0.11438135886188139,-0.01212229785401173,0.016155687437178892,-0.11358608700060557
-0.020886149122524813,-0.017190376012815724,-0.12383741863110356,0.025271782016127897,-0.009121068794843661,-0.12415146206343393,-0.0045978760701589115,0.026684491187156704,-0.12480867578850881
-0.012038093358072769,-0.013224037754097884,-0.1074631609001834,0.016950617653663184,-0.003573949155467078,-0.106372550119882,-0.005299271433323462,0.016914072613705616,-0.10819393831571489
0.00015196817938073481,0.009853093927777147,0.050600888423760496,-0.009044756511568386,-0.005930115413867176,0.05292981599467339,0.008742967224993625,-0.006171700267128266,0.052053425510711904
-0.0013679101028655587,0.010530661071978677,0.05486696172960368,-0.008573975076318444,-0.007210614602820575,0.05570779968859796,0.010056259957290061,-0.0034245916004402607,0.05444387771358361
-0.00375721594179923,0.011120601336474894,0.0640309661862451,-0.007564318182335225,-0.009753005117291753,0.06575604721940446,0.011966540252270595,-0.0025218383705172265,0.06631870633594754
-0.009531778609539904,0.012516619124516595,0.09262729254083328,-0.005763933021622685,-0.014765830495991249,0.09184260062593541,0.01627834595065519,0.0019563252513641795,0.09386388715046379
0.0009373173000884472,0.00015224985384008818,0.002175000000000281,0.000993442166464381,-0.002676182617962486,0.0007250000000347256,0.000881264123443054,0.0009353965061270619,0.0014499999998029978
0.0006920754460472257,0.00036728147991708086,0.001687500000000437,0.00029589261008507634,-0.00031050147056905294,-0.00018749999997069722,-0.00022349650111935175,-0.0005123849719728617,0.00067499999989451
0.00026318752775359285,0.00041140216597210634,0.0018083333333331515,0.0002701568005473799,-0.0001541078348285937,-0.0001666666666307511,0.00032495139762532343,0.00032833408512448044,0.0006166666665900303
-0.00020135383783414476,0.0003213881058440137,0.0018374999999996513,0.00017587204288665127,-0.0002783035288231755,-9.999999996956888e-05,6.912432567203548e-05,-0.00034150067720748937,0.0007437499999429775
0.001037696823934231,-0.013609528421447406,-0.07186314578870637,0.010821856611633457,0.0072302127275408745,-0.06988140825736622,-0.012407643509303873,0.00684926216366899,-0.07509096212210409
-0.007265029334519508,-0.018568195886059666,-0.11250235402371796,0.018911123970366886,0.004292233413163673,-0.10885275111813808,-0.012484838483026173,0.015695257547064675,-0.1125103897841484
-0.020270555982489773,-0.0177450017812966,-0.1222380398203911,0.02509437481453351,-0.008388016560245284,-0.12045151651364956,-0.005198053685792824,0.026470149716278292,-0.12198219392468938
-0.011292962669626861,-0.013250746601705414,-0.10521632139075751,0.016803007639474482,-0.0025445219829968225,-0.10258928921665356,-0.005934921385193856,0.016146161571585244,-0.10391269015630478
-0.0014650508894931136,0.010289595284024556,0.05069479208969148,-0.007748187766352943,-0.008105543387849912,0.05317423879009908,0.008792870381631873,-0.004195366672878065,0.05039564457480772
-0.002254049839907809,0.010741751007598426,0.05444002997910916,-0.008436648122284791,-0.007723053986913309,0.05753906862659974,0.010250918127185617,-0.002911227847219989,0.05538154149631325
-0.004612025681039704,0.011463818127645516,0.0650711653043467,-0.008081696061453576,-0.009609319757772548,0.06666843973667606,0.01219876221450428,-0.0017048296569930979,0.06748728778382211
-0.009958725599768105,0.012880817052510117,0.0914364901031783,-0.005741017255820207,-0.01509612839854149,0.09306330213341152,0.016333423125289147,0.00205896384834101,0.09410793767895553
-0.0021878335059455356,0.00020212463314328607,0.0023999999999996307,0.00025470321460274725,-0.0002139090312588965,-0.00057499999996935,0.0012892710687106845,0.0010631009668485292,0.0026749999999076124
-0.0002852903741363328,0.000647608568212472,0.003175000000000576,0.0005348033355565921,-1.6263515377016684e-05,-0.002824999999972988,0.00014611020492876707,7.618171144227779e-05,0.0007124999999330583
-0.0005400095024080517,0.00038869157234099175,0.0021916666666668945,0.00036221672278929917,-0.00010239667489118722,-0.0011083333333180196,6.186609861307575e-06,-3.5701912973592646e-06,0.0001999999999687437
0.00012936979550930077,0.00024409851341023728,0.0015000000000003739,0.0003667586044528291,-0.0003966295556405357,-0.0005937499999886242,-4.188401073702026e-05,-0.00027922740276835843,0.0005937499999664198
0.0016355818557023394,-0.01373365695398465,-0.0750744095131898,0.013072712350421095,0.003732346799456554,-0.07436490732004586,-0.010720061971662698,0.008198725939614904,-0.07360254989912107
-0.006855358572659275,-0.018834468829620272,-0.1136337078084428,0.02002875257572691,0.0024355846314586906,-0.11286950598770051,-0.012695501813671703,0.016441825801245043,-0.11480769790765954
-0.02072613316832736,-0.017183072997367127,-0.12571395492855697,0.025954206720733446,-0.00963498275834537,-0.12429018530623799,-0.0042325658430141565,0.02764541665526857,-0.12671078129479577
-0.011605112742763098,-0.01316693027659789,-0.10775891465441897,0.017151031171654046,-0.0038204949890776434,-0.10618512959943427,-0.004987384975310559,0.01778938927370881,-0.11145239708720833
0.00011910491614502972,0.010156973257364732,0.05218118077368071,-0.008174547634787893,-0.006455060914185851,0.054341056844364743,0.010544478261816786,-0.0042027856067758385,0.05486268533196892
-0.0017188076317755899,0.01039443468691857,0.05295596493704602,-0.008670041514610396,-0.006508867087488978,0.055015145489489825,0.01034393041262565,-0.0033967035761769035,0.054880751433716846
-0.003903312683009982,0.011143077424652781,0.06388700566942747,-0.007850463914727783,-0.009276904907602745,0.06565556880785788,0.012352138258443269,-0.001513330516648386,0.06699065450110157
-0.009454460322317658,0.012899970049456111,0.09074935969247416,-0.0062536623506800745,-0.01478966957537963,0.09223985934361245,0.016254631260026017,0.0024700557809953505,0.09370621323710471
0.0012499684375055775,-6.312498947915409e-05,0.00037499999999985933,0.0008302426431454346,-0.0006047784899265718,-0.00224999999991482,0.00023706888236177392,0.00022405291910665426,0.0015999999999571912
0.0001386565843530807,-0.00011331912696145687,-0.0006125000000003391,0.0008642406412585747,-0.00046880131702546163,-0.0018374999999348773,0.0007782060264727781,0.00019919983816156042,0.003087499999976373
-0.00018101165935789445,0.00029223641592208635,0.0015666666666651397,0.0005129718926042256,-0.0005296781742083637,-0.0012833333332906705,0.00038804857598348904,-0.0004206772040497654,0.002458333333314281
-6.952192610049383e-05,0.0003110227713860377,0.001281249999998961,0.00044851770096262334,-0.00042612941600496753,-0.0012249999999713879,0.0002557247796195366,-0.00014386515696430738,0.0011937500000058776
-0.002577687194388334,-0.012683805739068283,-0.07047866778838992,0.013163260145707123,0.005707716538183583,-0.07604508706564594,-0.01031620522974272,0.007478670551848421,-0.07162762808885503
-0.006883285202032481,-0.018513791015883123,-0.11073677656815015,0.020586115673726292,0.002083302216235008,-0.11540669906735523,-0.012905050359213497,0.015178032962271751,-0.1113184357164787
-0.020060239461130308,-0.0174507689599137,-0.1628963702417505,0.025730903257948943,-0.010197642384673713,-0.12823449454429925,-0.005528263768798154,0.026485081352584032,-0.12049519194331874
-0.018292446072907392,-0.012328805156781858,-0.10814398673888789,0.017678426190068208,-0.004580684166436962,-0.11176282842790541,-0.005587046602548455,0.015768842316531605,-0.10250306631933714
-0.0032681918838012303,0.009645375423930205,0.05053084533855805,-0.0087770398779774,-0.005336667890903923,0.053301266713390305,0.010046812494390878,-0.004682344798577487,0.05497751319523125
-0.0018834583842028715,0.01051236368833345,0.05429778147109889,-0.007964825871074424,-0.007204861474195844,0.05610673980811498,0.010670694374027845,-0.002448595142081252,0.055590537105265625
-0.00393478650231871,0.01156107987737663,0.06478408177140524,-0.0079157595928085,-0.008995151988460246,0.06544517498031273,0.012194072742558659,-0.0020650530373775683,0.06599419130680258
-0.009926408633862871,0.012635116812860342,0.09174668052184927,-0.0064078798375704306,-0.014536546924383276,0.09140896290422695,0.016131920102858716,0.0026048961454469407,0.0932637621599508
0.0003124293359579866,9.421871466792648e-05,0.0011249999999997813,0.00023576313443879338,0.0008541248081028741,-0.0009750000000252612,0.0006629155153842214,0.0021455049481824973,-0.003375000000094275
0.0006938972100862312,0.00017652664682530977,0.0015125000000000602,-0.0001292411461462084,8.565793105991876e-05,0.0004374999999612328,-0.00046701316839629453,0.0001135691149086367,-0.0025500000000455714
0.00017770536050216407,0.00017674717083529775,0.0009666666666667229,-0.0003188398108232095,0.0005376038950677398,0.00019166666662684406,-0.00019341382529993893,0.0007396890215358562,-0.00263333333337575
-0.00013162642825984735,3.5171009898843815e-05,-0.00021249999999945341,0.0001732659279042081,-0.00012819878176864732,-0.0005562500000166892,-0.000267393625512734,0.00031285563311783963,-0.0015062500000162515
-0.004058551085352191,-0.01376472015334192,-0.07439567550405402,0.012714233753222115,0.005585432425604664,-0.07307790749413456,-0.010949898460420326,0.00802432564528388,-0.07279282686560862
-0.00853956722825079,-0.018743523311427892,-0.11423205010647575,0.02056937545263107,0.003167111554421472,-0.11502652101704758,-0.012357735693647854,0.015848661200184515,-0.11260288542809249
-0.02126238681701264,-0.01715745853662095,-0.12454327303881918,0.026399709948354128,-0.010112683644925013,-0.12755628396524665,-0.004859689213573033,0.027091039635852864,-0.12464897269438187
-0.01191367414993644,-0.012930972338978363,-0.10526251847748824,0.017322165502981875,-0.004288076053202431,-0.10837066336057966,-0.005484123581773514,0.017126159416808912,-0.1084761315961913
0.00024358386016554157,0.009287518391383883,0.04723635891020971,-0.00978264794038522,-0.00453502061936728,0.05430188418547033,0.0102455632464242,-0.002433108643187798,0.051867279521200516
-0.0016810405358126514,0.009837884693756746,0.05235186067283454,-0.008220547524592163,-0.007046583526580201,0.05547607927525178,0.010574763978675924,-0.0025975067561177945,0.055057185600659864
-0.004036059888817041,0.01107068515151186,0.06463973704103969,-0.008400485927049268,-0.009161026925502096,0.06650831555677546,0.012351488392181587,-0.0019889764583134024,0.06643538635689634
-0.009672734304813635,0.012468546904899434,0.09231091473454242,-0.006339777037879159,-0.014909497113094172,0.09306607349248708,0.016322236748250292,0.002659056362232018,0.09413463529308608
0.00031057895218122855,-0.0004863386912302671,-0.0019249999999999309,0.0003913539969174762,0.00022402176250158057,-0.0016999999998823512,-0.001459564011940112,-0.0020435401915999685,-0.002125000000052779
0.0008329392939790095,0.00014869374830771279,0.0011125000000006785,5.177048069713061e-05,0.0011446757654366548,-0.003587499999957444,-0.0003667681522394482,0.0003775965589524076,-0.002199999999996649
0.0005348304527546295,0.00017855065477035713,0.00030000000000070454,-0.0001317609682709759,0.0007465740245975778,-0.0006333333333034356,-0.0005218612810914403,-1.3801616992127817e-06,-0.0020250000000091952
0.0001306095409720224,-0.00015891711035912463,-0.0004062499999991814,-2.7848106833696768e-05,0.0005133421741518172,-0.0009624999999680028,-0.0004897899705141581,-0.00016799437902477527,-0.0014187499999929187
-0.002012607451563897,-0.014515014063245011,-0.07869940093991593,0.012639412785220988,0.004570663640610095,-0.07153669306112498,-0.01115465411894237,0.0077586845261268245,-0.07457733290987534
-0.008495092212904318,-0.018932449829243345,-0.115329195677026,0.019971871874585448,0.0025530876308324205,-0.1130624406421532,-0.013265616123983581,0.016546748350236715,-0.11726942498344606
-0.021630580892390155,-0.017764924966917513,-0.12594879505685802,0.025751606406950397,-0.00938567303933919,-0.12349334349429271,-0.004292705064944906,0.027950449573883873,-0.12805526389009594
-0.012257708001323035,-0.01278739027938687,-0.10796813986050849,0.016972494595907325,-0.0036787815769636165,-0.10481933327954329,-0.005096750225779647,0.01772830549619242,-0.1112431564374905
-0.003657425747628784,0.01011243917032799,0.05187485709329702,-0.00829198489573843,-0.0069239981860050315,0.05359242271447684,0.009495756045429377,-0.005145974383224949,0.05465466226532989
-0.0028242432922012365,0.01027308742654245,0.054285768528932764,-0.008511703202949202,-0.007340387976406373,0.05684618933123886,0.010349190450444542,-0.0028262841157206736,0.05555204150549109
-0.004267244791506768,0.0114353416780723,0.06503208261898727,-0.007595954724484115,-0.00951669154060463,0.06521933631932579,0.012124821781006106,-0.0018958941483939887,0.06507778578970225
-0.009906583190019982,0.012884547278074344,0.09187407747537875,-0.0060543253918481895,-0.015138544690479329,0.09237777910520162,0.016150937500252,0.0019664458829075256,0.09171347129711682
0.0031233853114709387,0.00045483992856406317,0.0023249999999998367,-0.00037867591923257393,0.0012240090142973115,-0.001749999999933749,-0.00046230845509795393,-0.002254210250393629,0.0036749999999585725
-1.638525142726937e-06,0.00029791065871693904,0.0013499999999999324,-0.00021650216690106817,0.0009956749067514042,-0.0019749999999874035,6.527048046027033e-05,-0.0013104110345286814,0.003824999999979539
0.00035639092673242105,0.00016346197978791776,0.00031666666666690566,0.00025261543538736476,4.087105434052203e-05,-0.0008083333333352982,-0.00010236054922127138,-0.0007629829675004363,0.0010916666666638264
0.0006574075276056275,0.00011463677746527702,0.0004500000000001966,0.00016691773999757525,1.9343239821293555e-05,-0.0008875000000019284,0.00018607209563937274,-0.0001053916383988557,0.0006812499999897526
0.0010622823649678037,-0.013495945316662105,-0.07068309868037337,0.01348975305002359,0.005488492468071204,-0.07911652136849412,-0.010426981054238726,0.008412960761761124,-0.07320463692126467
-0.006455924051071118,-0.01786681711959015,-0.10632282523318733,0.021014133871497837,0.0028749450883053867,-0.11675747173247597,-0.012229682394741969,0.0161630489248545,-0.11412448648875362
-0.01901513845439448,-0.017710553108598703,-0.15851921906005828,0.026199556116305405,-0.010135208578530841,-0.12715819421946772,-0.0046344094564482975,0.02716478878910153,-0.12613535994182948
-0.017539884013272933,-0.01268559785941165,-0.10439277958590573,0.01807298224757554,-0.0043473099423535205,-0.1114506357089623,-0.005442876655454609,0.01693081612961754,-0.10805843546364269
-0.0007633199152340397,0.009835681567612237,0.04891098951803223,-0.00795573952730097,-0.006640381140760043,0.05200656574713136,0.00982552666666317,-0.0032722512666380488,0.05101476011311057
-0.001981824333486938,0.010410367486727568,0.053977806946137984,-0.008026566037367153,-0.0073742101705428125,0.055399310578252425,0.010838494168108337,-0.002340675473654229,0.05577540196348707
-0.004595188407965911,0.011549793919434078,0.06644870218170634,-0.007660838584808348,-0.009897679333896459,0.06725010975383583,0.012488675392565521,-0.0016690729555917422,0.06713385391850697
-0.010490228947687258,0.013164542624268579,0.09531109047464,-0.0056545823769949865,-0.015280611823634821,0.09333918161829047,0.016480376746518307,0.002421088135900152,0.09382512408968036
-0.000937569257800086,-9.234371537117261e-05,-0.00047500000000017634,-0.0011212152772888118,0.0018785643291288623,0.0016500000000974069,0.001501508339184221,0.0005859018609374878,0.005024999999925228
0.00041660449793935587,5.920828981522649e-05,0.0009375000000003131,-0.00023037903429236185,-0.000134518822756761,0.0012625000000543452,0.0009609621989290248,0.0007328146227305846,0.0013749999999479456
-9.170430896598969e-05,0.0002931563404656153,0.001324999999999868,-0.00028034976520818766,0.00045672289745208553,-0.00011666666663856518,0.00021367232554434353,-0.00022366809679969752,0.0008749999999520716
0.00025896403422677244,0.0003354913662236633,0.0012624999999998228,-0.00015358626847290853,0.0003670189772682426,1.8750000041478643e-05,0.00047876596005381805,0.00033408034143037204,0.0007937499999499664
-0.0017954853042539964,-0.0119169800672981,-0.06625774121185124,0.011545750195112586,0.0071512546931593035,-0.0739397807503206,-0.010732753891656843,0.009089164261157079,-0.07687998912579985
-0.006642644533199565,-0.01770878663732107,-0.10651691400067098,0.020268961603221513,0.0036535381392199806,-0.1134640546903487,-0.0134349717887826,0.016412891785822257,-0.11682458662245487
-0.019720438052659234,-0.01818932400421144,-0.11834297646733043,0.02611151483680152,-0.009204293588356758,-0.12386061012886751,-0.004067649859589216,0.027478048560222734,-0.12900101210648884
-0.01109941774992728,-0.01301603848530818,-0.10417490005349717,0.016994183571806633,-0.003780927091721386,-0.10648159003840696,-0.004901230631109377,0.0179570430195606,-0.11369072706468586
0.001317694658421742,0.010443005460225892,0.05150667917706707,-0.009630890888064764,-0.004403881729175829,0.05278982834706625,0.010575796619859135,-0.004203262234499239,0.054647677746366696
-0.0012504231145855143,0.010211057139289825,0.053228146943901766,-0.008201293292713538,-0.0072328278566125,0.0563951938181706,0.010330883068496936,-0.003373977520435926,0.05497309322188837
-0.0033861960042327493,0.011340188568465257,0.06431019224181626,-0.00778753391670467,-0.009505729991518552,0.06612106440151422,0.01193656055814166,-0.0016355015568891057,0.06492000785439285
-0.009265713355432734,0.012461083650746057,0.09042869842247925,-0.006004856415783562,-0.014825155415442685,0.09249912179110087,0.016209209981412957,0.0020938475024218374,0.0927594122780373
-0.0006251781999103145,0.00014849985744003593,0.000975000000000165,0.0011950413686713512,-0.00075739648472406,-0.004124999999977064,6.627387748661673e-05,-3.821024025657538e-05,0.001699999999971169
-0.00027855121164901655,0.0002062480664117304,0.001587500000000315,0.0007519180018252433,-0.00021354100997646638,-0.0024749999999684746,0.000333143865888847,0.0004492444368268493,0.0009624999999680028
-0.00044820869957162834,0.0002489647289504342,0.0006500000000004956,0.0003948847744350559,-0.0004939971299601696,-0.0005833333333112497,0.00020332642954828156,0.0002950288737360981,-0.0002000000000279556
-6.684527231883373e-05,0.00016626526727055993,0.0005937500000002611,0.0003149492217477839,-0.0005018896538220764,-0.00030624999998174474,-2.254491021647098e-05,8.916110403936619e-05,-0.00018125000003088587
-0.0015148385404811782,-0.012045305793369779,-0.06661894752686966,0.013117469308029928,0.004369746045805589,-0.07414320008005681,-0.010392679506154162,0.009189523195916871,-0.07384153419005557
-0.006182392077419552,-0.017708064475763792,-0.10608607925034205,0.01999418360091045,0.002434070161742389,-0.11365445015145692,-0.013102760748058087,0.016129103395127867,-0.11498519847266131
-0.019253690302250707,-0.017501643987420424,-0.15981410192650497,0.02564231473019492,-0.009220240908386754,-0.12373026740009434,-0.004171296415434099,0.027524972657008758,-0.12723966604048323
-0.011369303006926129,-0.013069171569776251,-0.10615040497988086,0.017224506042073862,-0.0035383228746023528,-0.10654880175838266,-0.005160835473648265,0.017611363421461215,-0.11042808247727631
0.0005944489500364636,0.01109479237937808,0.05499780978993979,-0.008226296588823012,-0.0076979299858948025,0.054658917857697276,0.008639377391497782,-0.0064712983786352485,0.053709349956143626
-0.0021046107348142596,0.010964888132668044,0.056092750504012766,-0.008414318617749265,-0.007247908726094722,0.056642175619847634,0.010230711723533466,-0.0034581828583667307,0.05621517700582501
-0.004571637222777362,0.011390581198483981,0.06610470088155046,-0.008119891441411644,-0.009513683367154215,0.06667337461596645,0.012247872094106549,-0.0024005977130671574,0.06772859949310354
-0.010418426376295723,0.01293681325525094,0.09530878233683183,-0.00629512843299204,-0.015364209733779064,0.09399953688618012,0.016372372643331162,0.0027675554748634854,0.09665346551203102
-0.003137187093743554,-0.0012186687516248195,-0.00642499999999982,-0.00044195347300227117,0.0008273608672407229,-0.0011249999999130011,-0.0006141199278136833,-0.0010888119167523636,-0.0009500000000883801
-0.001407929626141064,-0.0010153869796271132,-0.004199999999999857,-0.0005488661530889733,0.0011263304490101895,-0.00029999999995311555,-0.0003812240172506525,-0.0005817438370500946,-0.00011250000007123617
-0.00036554436046760356,-0.0005490750162770329,-0.002224999999999792,-0.00013082782919504599,0.0003367609850543233,0.00025833333336204117,0.0003331612063222792,1.6451356080986785e-05,0.0015666666665895927
-0.0005323041282683473,-0.00039393931629751915,-0.0019874999999996423,-0.00030999536368279593,0.0005047172014231059,0.00035625000003314256,5.1336671445289496e-05,-0.0003315777165627984,0.0008312499999441059
-0.004002390045561299,-0.013517566293955315,-0.07476550346973826,0.013800095717379779,0.003967002890785387,-0.0774071873859139,-0.009302320062708203,0.008223735564444334,-0.06832285141742389
-0.007987432197397663,-0.01916996544518996,-0.1143959798200401,0.021325963320225204,0.0027329485217633368,-0.11885068828105805,-0.01202023761702938,0.014838497729334642,-0.10796256154406159
-0.021605816552752063,-0.01727652016693734,-0.12558325372106813,0.026671590992102676,-0.010625161569097605,-0.13000569209867807,-0.005062460355150947,0.025976686348348387,-0.12036877782118556
-0.01255502250624603,-0.012926985519339065,-0.1085028421313933,0.018242637614075952,-0.004629738724849348,-0.11287054415441977,-0.0055177681802257746,0.01622770764806335,-0.10395168436674318
-0.00029243335192968845,0.01080298404425359,0.05369653637992454,-0.00805221848012086,-0.007136919426331545,0.05182666739198538,0.009253761840351954,-0.00402752723425992,0.050321517013385275
-0.0022556086984778143,0.010320711115118033,0.053974820151607636,-0.00842649833124783,-0.007017261849068257,0.05448409599888571,0.00994720064614488,-0.003269586759798345,0.054667797445207
-0.004655431997664066,0.011172320163263876,0.06533408440519153,-0.00812904060187164,-0.009215901385504845,0.06458120412231594,0.011982376180395219,-0.0018836369728793465,0.06654382873428528
-0.010072384598323807,0.012605856234708574,0.09237943440744908,-0.006415162664732673,-0.014601541596874948,0.09035281938869488,0.01604657292873475,0.0018108368444034652,0.09243426157018453
-0.00031360812166592034,-0.00036937278375396117,-0.002149999999999791,-0.00021357656733791974,0.0013180418127409221,-0.0024749999999684746,0.0010468443740856148,0.0012006900945507604,0.002224999999977939
-0.0002790849784236234,-0.0002667735075753335,-0.0008624999999998564,0.00015090890586846563,0.0007237078569785923,-0.0024499999999871847,0.0008905407808370816,0.0006130061237384786,0.0022374999999907885
-8.944085155441048e-05,-7.387478280768704e-05,9.999999999978776e-05,0.00025734104747452254,4.3542639658571734e-05,-0.0015833333333326038,0.0006535426777997835,4.4581955807587725e-05,0.0022916666666539243
-0.00013188590535901116,-8.897297820600532e-05,-0.0005437499999998076,0.00010377977521864634,0.00021020798641658902,-0.0008812499999955037,0.0004086665373077909,-7.734514380133985e-05,0.001674999999989879
0.0013131612867645082,-0.012243910723557072,-0.06742839808387965,0.013694890101671048,0.004544889207092062,-0.07879418501097746,-0.011418579207923829,0.008404108535753352,-0.07683448135153981
-0.00666513096535722,-0.017632723655222355,-0.10798335135991932,0.020912833502630106,0.0033515727320348404,-0.11812602351426449,-0.012137426890339463,0.016867514135438584,-0.1148062285785123
-0.019637611161943156,-0.017638802849664934,-0.16177097778769708,0.025975514157398894,-0.010532062980727381,-0.1311382059648166,-0.004403466688198053,0.028150783000349677,-0.1274211889080945
-0.011628801766752227,-0.013162949232020391,-0.10743575125261029,0.017726387216885957,-0.004782536202306199,-0.11263622123960648,-0.00505773544957388,0.017499131595619402,-0.10953944028098128
-0.0005376427010747586,0.01024762195998298,0.052771781707859365,-0.008061639876179999,-0.0067558704704775985,0.05260580874777432,0.009546559915810798,-0.0038125808669853267,0.051795152437295044
-0.00162357619396906,0.01047620965753044,0.054320960076711125,-0.0077896642353799915,-0.007152749491124494,0.05525886988797524,0.010287684396581873,-0.003756382732678704,0.05650125371943204
-0.0039118946494133755,0.011232780506499554,0.064029613753215,-0.00810952324256554,-0.008831288787170584,0.06448245286817904,0.012183819819206753,-0.0018895542656442524,0.06640332131966353
-0.009774412391458376,0.012409956280005933,0.09227133401588469,-0.006235562676289967,-0.014462276283857078,0.09088021078094144,0.01613567889800826,0.002042821566623557,0.09295177613635741
0.0018727619381653238,0.0005328687334120168,0.001774999999999851,0.0007152562593454315,-0.0003107438827643083,-0.0019749999998985857,-1.2841776340227762e-05,-0.0007131766256024408,0.0024749999999684746
0.0008289169298890552,0.0004990156096143157,0.0018875000000002317,0.0005517893649590692,-0.0004844831599792876,-0.00038749999990983497,0.0004042008112859547,-6.987850530005958e-05,0.001462499999993483
8.690835328776078e-05,0.00028991557507193714,0.001641666666666742,-7.522461587964166e-05,0.00016275713801496204,0.000308333333383833,0.00023593100258377322,0.0002763233734405711,-0.00014166666666426408
0.00019486685558745584,0.00025656268698679617,0.0009625000000001346,-3.40900473084245e-05,-0.0003252032457022821,0.0012562500000479204,-0.00023194913999652052,-0.0001693690477793342,-0.0007812500000037303
0.0001947204790811452,-0.013003907847184458,-0.0729425158894786,0.011626622008653609,0.006520757053818382,-0.071663062088545,-0.011302747924508277,0.00873333557729894,-0.07718934529599153
-0.006357942842134657,-0.01911504346106382,-0.1122206062861311,0.020299985017594547,0.003788919226748671,-0.11445549675719313,-0.012910551663792045,0.016194603615725542,-0.11383659851156303
-0.020416465192153063,-0.017692929660114643,-0.1230236518667103,0.02597262770859168,-0.00961997674524262,-0.12592085353727578,-0.004048099756642974,0.02744975954442904,-0.12684288894628062
-0.011108877401239095,-0.013044981916961676,-0.10449358022262115,0.01736111662259481,-0.003615110464424099,-0.10771520563495895,-0.004730178726636135,0.017427467223758545,-0.10936512899171191
0.00015052802240789198,0.009886969824249543,0.048924130391968274,-0.009325529910262503,-0.005368353944261439,0.054604832918148105,0.009883476301323496,-0.0029644613143836596,0.05019114630222532
-0.0009798209969028953,0.010334665436659545,0.05265843478203734,-0.00849145280337286,-0.0066979242910202175,0.05512018481548253,0.010654443286719432,-0.003588377885752367,0.05555909248240454
-0.0035256591970067586,0.011433723548455026,0.06461696770787516,-0.007729287602242586,-0.009086796971357376,0.06497458211838965,0.012302403314378851,-0.0012719181542481767,0.066010905919948
-0.009570852122370884,0.012577559855135347,0.09222223368301996,-0.005851162865191062,-0.014885388539141356,0.09264191425346624,0.016352955664037255,0.0025957490351876493,0.0935722437027775
0.0015610621225681243,0.00042921553873566756,0.0020250000000002016,0.0013620622108800884,-0.0017404135304391333,-4.999999996257998e-05,0.0012233719348074545,0.001459757933731931,-0.00014999999997655777
0.0004131919137364795,0.0004426345930881252,0.0022375000000005455,0.0010264930245066732,-0.0010142133786633029,-0.0013749999999923546,0.000547403440970879,0.00016821124282670772,0.001650000000008589
0.0003562321504466511,0.00018213982144390782,0.00045000000000094086,0.0002755842966289152,0.00015594597813480985,-0.0014916666666605256,0.0007113348610242916,0.00041951538936760687,0.0023833333333260023
-0.00026390990847931884,0.00013926045063485467,0.0008000000000004743,0.00013426728044882284,9.656183338304764e-07,-0.0008000000000008001,0.0005981835719683447,-0.0003255078080951315,0.0030250000000009436
-0.002079990601804027,-0.013270996611798666,-0.07325983451704449,0.011311736606109402,0.006725568522027159,-0.07075616956950803,-0.012079308148428558,0.006981574266047563,-0.07567768262788377
-0.007342459765518555,-0.0182954353435888,-0.1110728802376599,0.019501180701905492,0.0028599547902315634,-0.11227093499535101,-0.01267544279055942,0.015982541889157806,-0.11553762625857722
-0.02030720962447072,-0.017752874688467656,-0.12171572214009482,0.02572591710089659,-0.00855404754248176,-0.1213490366769691,-0.004776521043698253,0.026813522429869365,-0.12502340196819026
-0.011642999856693726,-0.01301881934937939,-0.10606634528849054,0.01688594570601297,-0.0033748011500137213,-0.10576920973305037,-0.0057885648721147185,0.016519271179956066,-0.10639657307380812
-0.0015170017554008708,0.010521623082652443,0.05283157506511786,-0.009071656695083113,-0.004370879324956667,0.0505358131256628,0.009336529723191073,-0.005381068538992673,0.054520164560400985
-0.002191407091761688,0.010506479049647494,0.05401954840481129,-0.008352866071504686,-0.006586611884943731,0.0553076981832934,0.010049657266096116,-0.003682504647405876,0.05631683268207954
-0.004359471084391149,0.011482069626975422,0.0653113248225487,-0.00802311710551661,-0.00909022501444883,0.06633565645858634,0.011823221107891016,-0.002051149291126026,0.06658402421715337
-0.010097450113802073,0.012493407211528099,0.09268342859503127,-0.006432589381290777,-0.014993185997609097,0.09399780385488388,0.016387421214959494,0.0020308095703121913,0.0948623608174548
-0.0018764803675630493,-0.00042909034514913,-0.0014499999999999617,0.0008092106685668454,-0.0009765948108114708,-0.0015749999999314923,-0.0013817608911920187,-0.0020887803597741117,-0.0007749999999973056
-2.1889163938205847e-06,0.0003530465079882698,0.002300000000001028,0.00010245944806012523,-0.00026163160486240383,0.0009125000000054229,-0.0005589383483088165,-0.0007997765367380912,-0.0010125000000194007
-8.086458308520506e-07,0.0001720510376643896,0.0002833333333347345,0.00013618438456593416,-0.00012766414987256232,-0.00041666666665089264,-0.0006382003028112696,-0.0004529305843060343,-0.0009416666666576626
-0.0003304276038238346,0.00019736101982022793,0.000787500000000791,0.0002609245897634034,-0.0004570925411170733,0.00011875000001104752,-0.00042681987032953,-0.0005126974182817781,-0.00036249999999515836
-0.003831556705143069,-0.01270207278837433,-0.07140886833140289,0.011829939123235433,0.004621832331956621,-0.06903317834185962,-0.01222481467996403,0.006255780085451246,-0.07349155501046312
-0.00799507246407933,-0.018509596019750503,-0.11184436599246447,0.01910646268174614,0.002519740517672083,-0.10877803741542458,-0.01245491132004691,0.015140455509979951,-0.11081840249929087
-0.021035557367758816,-0.01799446110165329,-0.12191865876451971,0.025763640127194627,-0.008511994140484948,-0.1199766262608722,-0.0053264343848048535,0.02687819245310404,-0.12291322477633315
-0.017995136463699896,-0.012477494456021263,-0.10481583881597505,0.019688554049114678,-0.00921600628448402,-0.10583096151097342,-0.0055165082403240955,0.01629981041748707,-0.10559140182739846
-0.0017921183856836609,0.010326231748153798,0.05111802893022903,-0.009456160000448355,-0.005502743055871284,0.0559705560334578,0.008455126502635718,-0.005396079817726607,0.050089151974175294
-0.0024102245816362247,0.010360150115969372,0.054651600155202616,-0.00929798185012043,-0.006687975625983371,0.0576226765125476,0.0098264091454334,-0.0038136810827494993,0.05463112265042813
-0.004168398558211066,0.011455508674816666,0.06499714429428713,-0.007956583427284098,-0.009442279461486078,0.06709108547046465,0.011920621689187566,-0.0028018923487987163,0.06564572279281755
-0.0102498937942223,0.012702242788176379,0.09298217095589609,-0.006030209367903567,-0.01473029185319739,0.09295590126701114,0.01598627352325065,0.0020316703400629897,0.09305549548084824
0.0006249887500031637,3.7499997750028513e-05,-0.00019999999999991119,0.001187144397750417,-0.001480446532531321,-0.0014749999999175145,-0.0003779121682777331,-0.00014206444292480525,0.0003499999999156955
-0.00027983697681310815,0.0003348248905748351,0.002375000000000915,0.0007921598884306583,-0.0006679143416707697,-0.0015249999999245034,-1.2279156429305536e-05,0.0006509376961924859,-0.001075000000039239
-1.4033064333578743e-06,0.0002227441060820077,0.0006416666666678383,0.0003475138152529898,-0.000212990856265519,-0.0005333333332598519,-0.0001227899619006743,0.00017518914606892304,-0.0009000000000369823
-6.607175292117658e-05,-8.553885266865875e-05,-0.0002499999999987304,0.00029736667273601373,-0.00020919286273849016,-0.00032499999995661,0.00012740161146519493,0.0005352898380676272,-0.0008437500000235687
-0.001605373201901683,-0.012678551765616535,-0.06847080260063917,0.012374272884856097,0.007075398589261039,-0.07540450344105665,-0.010909057000674932,0.009288091997232406,-0.07891806719317884
-0.007488761988839249,-0.017834135389756416,-0.10730769133983047,0.019876223203268154,0.003278107469189489,-0.11359799323849007,-0.013351970332048688,0.0160433179101021,-0.11587645539150593
-0.019802075219910724,-0.017590106787771554,-0.16051106991351205,0.02552665353271057,-0.009208575530086518,-0.12381842065442017,-0.004441891717385317,0.026842363980802357,-0.1263912168888659
-0.018149614062267245,-0.011943754591108977,-0.10748435621215066,0.01678837137695887,-0.0034904704748717793,-0.10469462287013565,-0.005135678675966713,0.017111172672147533,-0.10919685114698652
0.0015961349574961092,0.010697000556443043,0.05296678294446559,-0.009254060119461699,-0.005715905204865812,0.05288574109769684,0.009716220752371135,-0.0048793993119508605,0.0537350139608872
-0.0020399223793827253,0.010339301588665948,0.05532914625951504,-0.008111331653550762,-0.00734408249786674,0.0556611262814144,0.010289923839998846,-0.003487383946463677,0.056095807570066825
-0.003842176156680445,0.011779254546055468,0.06691496425532012,-0.007602724555433911,-0.009518832465113734,0.06667299947438939,0.012246387043491918,-0.0018087973860143286,0.06661968148245674
-0.009944005116568753,0.012620159454863632,0.09359339983257604,-0.006017979382901506,-0.015018899974347103,0.09303562696434398,0.016086786187305586,0.002394836593499746,0.09318853418537887
0.001249909687528472,0.00010624994882284656,0.001524999999999644,0.001097085408692522,-0.002253644672697841,0.00014999999997655777,0.0017552928948186275,0.0018765239806484146,0.0006999999999202089
-0.00014011101511100953,0.000257287796588627,0.0013750000000001743,0.00023498589416896346,-2.5454892721432643e-05,-0.0010250000000322501,0.0001794637808499866,5.709124295230319e-05,0.0009624999999235939
0.0006249672843861813,3.443747928019246e-05,0.0004666666666670123,0.0001834395966466126,0.00020682659806243415,-0.001625000000012496,-5.250194342173601e-05,0.0001338125265989579,-3.333333339720449e-05
0.0005263076697397936,1.4763154917575073e-05,-0.0003062499999993454,0.0005519038559147716,-0.00029402527203894585,-0.0014125000000086985,8.153067875870639e-05,2.903139728031783e-05,-3.12500000543281e-05
-0.00041430053075719453,-0.013090915870529645,-0.07028221353840651,0.0111477819098732,0.007650219666595348,-0.0728714937583419,-0.012304134828361457,0.005502471884286098,-0.07184951832552855
-0.006590691061421812,-0.018494252351111025,-0.10837808139480445,0.01956852561733871,0.004230064475452883,-0.11313154063943287,-0.01254697074020952,0.01568102802396011,-0.11498857752538783
-0.020027675051215166,-0.01801520794519714,-0.1621967690110316,0.025389223784165842,-0.008967037385827175,-0.12438921777275791,-0.004996764158055452,0.026942668768774648,-0.12596017844982063
-0.018146240577726003,-0.01251145351594144,-0.10633221371094355,0.017191591682383652,-0.0032224328128748147,-0.10629475837851399,-0.005548184437085444,0.016745851764130838,-0.10819582574916886
-0.001746973834322596,0.009975827740527804,0.05028958697673138,-0.008612118852290712,-0.007602388552532813,0.05437920379494088,0.010365537944513614,-0.00279252790307688,0.054123344589562805
-0.0018246998265876908,0.010311326973137355,0.053027494240845255,-0.00873208655795574,-0.007402696567293532,0.05708679460920685,0.010602796607611653,-0.002698116875091447,0.05616137981829805
-0.004357620647866901,0.011168136422664733,0.06476428502975204,-0.007789570703592629,-0.010066039040449488,0.06751136657644115,0.01212176006974776,-0.0021260143188904313,0.06591140761835017
-0.009618338691618591,0.012791074798176733,0.09146547139187297,-0.005938297974313275,-0.015528842814063559,0.09479722519920575,0.0160453489420037,0.0023739316215474087,0.09292498621270573
-0.0028162055876329584,0.0006737364127904339,0.002949999999999954,2.8655166368213303e-05,-0.000706129245423015,0.0002750000001050523,0.0013051914627346117,0.0010541151361648238,0.002899999999961267
-0.00027927333885889734,0.0002903976429998544,0.0020750000000002303,0.0002946205620333073,-0.00047140889667766456,-0.0001874999999262883,7.991826196189026e-06,-0.0001648241127225367,-0.00021249999999639613
-0.00036627331542154237,0.0005723939809286995,0.0026166666666657405,0.00021808503140874347,-0.0006997298124375043,0.000716666666722432,-0.00013706773224665087,-0.00023015827637600555,0.00044999999998888523
-0.0005318786326033296,0.00037968908906318456,0.001987499999999157,8.63972724985425e-05,-0.00033031408461079906,0.000643750000040022,5.591460507103907e-05,-3.2099915548743886e-05,0.0001437499999923375
0.0010092599699723648,-0.012139380306428738,-0.0666092751840241,0.012269835281384506,0.0057648320314213075,-0.0726864046630471,-0.01092912694544354,0.00885588114694219,-0.07716718157597668
-0.005875065140662248,-0.017939183329782886,-0.10724822194835723,0.020440020936566758,0.0025879547030526074,-0.11422886295116008,-0.013540133402260075,0.01641975845490899,-0.11800671209574176
-0.01934810090425929,-0.01793135585743869,-0.16136851981284264,0.02556891837539755,-0.0099349894985041,-0.12591811025908597,-0.0038465572346838006,0.02794166359998952,-0.1316769213113448
-0.01765216192117524,-0.012524426338863304,-0.10585423024121687,0.017058058097013936,-0.004016049704611002,-0.10633964376882132,-0.004492123693044058,0.01800609400204067,-0.11481213710118343
7.883771555028396e-05,0.010350466103772705,0.05141088682656662,-0.008949763313507303,-0.005851125666735124,0.05287637044339988,0.010714223396535855,-0.0029400176229932296,0.05397810525771263
-0.0020707246844226595,0.010098631499328882,0.05409631242669213,-0.007475637782705349,-0.007831403588460302,0.05515659358370506,0.010496943984391697,-0.00286729487768299,0.05537258259888933
-0.003926366921173334,0.011390979861589148,0.06544801011400626,-0.007955183141859778,-0.009519969291908141,0.06572330397765687,0.012420182908040367,-0.0016133015421161887,0.06655166754385711
-0.010023193348390746,0.012945708416579698,0.09478641750581758,-0.005814476242007272,-0.014566782416639458,0.08989606292388874,0.016018812659991794,0.0026277463294039085,0.09248304022273501
-1.3467140111411702e-06,-0.00041437208211555143,-0.003024999999999864,8.260832872961088e-05,0.0004078539797142122,-0.00027499999992741664,0.0010930273076741048,0.0015343043339652307,-0.0009500000000883801
-0.0005600055756245966,-0.0004971956701522701,-0.0027875000000003396,-0.00018363023739087492,-0.00010693911466846334,0.001625000000027299,0.0006003728550388024,0.0009364319062029244,-5.000000005139782e-05
-5.115151637575492e-06,-0.0004316381609741185,-0.0018250000000001932,-0.00023641458852490565,-0.00024298268659429998,0.0012583333333537894,0.00026020320210686946,0.0004683637370320578,0.00014166666663465813
-0.0002031219593751369,-0.00039004210610909867,-0.0016000000000000291,-5.481314637339737e-05,-0.00010805889135098577,0.000575000000013759,0.00017449334515903074,-2.3628998006768554e-05,0.001112499999966765
-0.0004796863742675961,-0.013400320406028737,-0.0723137179301631,0.011311912740404051,0.007374571197836521,-0.07472929990735011,-0.010635188266671508,0.009392813512573706,-0.0748633928327358
-0.0071883899285961495,-0.018544586176963605,-0.11078176092521681,0.020003903189817703,0.002989216139877139,-0.11486859100093838,-0.012169695271801697,0.01662246130849458,-0.11489327147544692
-0.02050501542898327,-0.01804612855837511,-0.12045747797799823,0.025423681078254982,-0.009611804309852494,-0.1277677624028084,-0.0041945268870379904,0.027821435540088788,-0.12769348551380233
-0.017768114153755038,-0.01265173637427327,-0.1038907260346782,0.017502734528255896,-0.003666168164848032,-0.10898263927910379,-0.004584210918539672,0.017706622858711163,-0.11111089538291541
-0.0013195710802382798,0.009268486884016314,0.046786837667785276,-0.00935861485157688,-0.005779011340759088,0.05463027806253962,0.009556568325883724,-0.004825722815800237,0.05444790173037006
-0.0017598179367300177,0.01014561294599985,0.052240129129674975,-0.008112329460939946,-0.00820026777224715,0.05786438445891662,0.01038778605751211,-0.0026703965321752923,0.055429887411118095
-0.004067127368570511,0.01137713920938325,0.0653171925550982,-0.007778270915180122,-0.010318948572926787,0.06949653515360883,0.012303957680581568,-0.002455905598604456,0.06677754623085619
-0.010071732075808254,0.01291027918147829,0.09326485465054221,-0.005516312849084358,-0.015759081655732397,0.09624041120326332,0.016140414410637537,0.0023781000327586406,0.09299011091812859
0.0006248977375278297,0.00011362493864248434,-0.0011749999999996897,-0.0006752321882394496,0.0006921626058142838,0.0020999999999382624,0.0010568380373818242,0.0008355077894123264,0.0026749999999076124
0.0006914924954551063,-0.0004099858305469983,-0.0020500000000003536,-7.447217752044722e-05,-0.0005264110783140571,0.0014249999999549345,-7.572668281022012e-05,0.0003657476444485219,-0.00048750000005703953
-0.0004477887657715935,-0.00021762826106562928,-0.0012750000000002596,-0.0001100025964087933,-6.403914313914325e-05,0.0002666666666447289,0.00018282626745461502,0.0007205838969067045,-0.001050000000043146
-0.0002639666441773299,-0.00014441803328781085,-0.0007875000000003511,-0.00020953017550027675,0.0002587461211240053,0.0002312499999712614,-5.2937453838626014e-05,-0.00012136140631920162,0.0003937499999828731
-0.0013350034279366318,-0.01291363421445518,-0.07209507788852307,0.011299891310458804,0.008353974764993555,-0.07624657324147854,-0.01179030501075734,0.007098993235199469,-0.07367715430728339
-0.006545207345930325,-0.018654017212718074,-0.10867089459608563,0.020762272194463947,0.003799311112134829,-0.1183508646228848,-0.012552563325561131,0.016009039099043918,-0.11416205950789404
-0.019938404496080083,-0.017755487066925764,-0.16127496924360027,0.025913037671886154,-0.009676017519214384,-0.12774166296188882,-0.00467369193504763,0.027171691555131182,-0.12517852664316229
-0.01839368530958973,-0.012127539634611807,-0.10795105736695061,0.01719182600185019,-0.003911311119552718,-0.10893399890740119,-0.005640806399172322,0.01678401087533284,-0.1066135501466059
-0.0006814246473474395,0.011213273667069614,0.053612116018140046,-0.008635837474315483,-0.006008296318686657,0.05288980521287456,0.009957442997286098,-0.003655393173707111,0.052459538959537255
-0.002261692468974452,0.010705445927638784,0.05436708050953635,-0.008333975351325197,-0.006931469173934415,0.05450900159025274,0.010600124976272655,-0.002450187794390669,0.055067082668180944
-0.004592979841977088,0.010955245427721848,0.06342308831133472,-0.008159359069855836,-0.009158961418529296,0.0649735572226066,0.012081852618735319,-0.0018335963888953058,0.06549404907680116
-0.009480430849162941,0.012918226834648982,0.09087052867980057,-0.0060876142709824135,-0.014435320974100052,0.09018232618200894,0.01594524273433901,0.0026232919248043484,0.09266160642575905
0.0021874987187545103,-1.2812499914578577e-05,0.0005999999999998601,0.0013094575522162866,-0.0006930886849720874,-0.0028499999998210512,-5.299878556158655e-05,0.0007539468927786341,-0.002175000000015359
-0.0002791117918794001,-0.0002694955977391918,-0.001000000000000546,0.0004387934043815273,-6.986320617081216e-05,-0.001987499999911435,-0.00037544035060936104,0.000220682910208171,-0.002325000000036326
0.00026753410811311947,-0.00010767792535842548,-0.00016666666666731122,0.0005342750525595487,-0.00021117177336335162,-0.0018833333332561135,-0.0002475579534531274,0.0002497476487323918,-0.001958333333392422
0.00013119894919746527,-9.999903733619231e-05,-0.0002812500000004228,0.0003942282265086504,-8.02444087683333e-05,-0.0014187499999485098,-0.0002484225683197242,0.00045604668572063467,-0.001912500000056383
-0.0025390172963823954,-0.012531906839188197,-0.07043380238643347,0.01380623459806482,0.003968877617888111,-0.07626445948303306,-0.013069499199575008,0.006206445938773675,-0.07880853593995596
-0.006936878610271553,-0.0184170782396821,-0.11003249185712927,0.02097794196642886,0.0029650553886441233,-0.11564812843138927,-0.013824907879350645,0.016116709457281164,-0.11811935769361348
-0.02075591430287996,-0.018086666828511476,-0.12181682544968163,0.02579003214918562,-0.010200509509729934,-0.12731044254205756,-0.004131455052276094,0.027103062640866003,-0.12933343838028577
-0.017735111244514778,-0.012009534408073253,-0.10622027031817631,0.01784397293823259,-0.00436649423893357,-0.11047906131038954,-0.0047310709896693295,0.01746304600771765,-0.11311065619636906
-0.0013943146341746648,0.009776118057126262,0.050361491121977076,-0.00785923428733154,-0.007394942144821337,0.05257094948190044,0.008559586564822752,-0.0051057264066345365,0.0512941124600097
-0.0026893435455748677,0.010256007483392214,0.054112790117531284,-0.008204915836646572,-0.007682080542077234,0.05757406407864707,0.009702595945069848,-0.0036656306703229825,0.054376246682097396
-0.0045413250675886896,0.011001564959975242,0.06405353306348938,-0.008262167654319943,-0.009444881060484809,0.0664369656458182,0.011853875498951708,-0.0022907545951839875,0.0657730801745841
-0.009929203485636862,0.012381053055949921,0.0916640403994908,-0.005977120899863797,-0.015102950531923868,0.0929169166510535,0.015976146679161977,0.0020443640686692403,0.09323447785530292
0.0015599999508772444,0.000561805083167942,0.003674999999999636,-0.0017456009556403307,0.0011492870453030934,0.004949999999936949,-0.001906962293865555,-0.001780492120836974,-0.0024750000000572925
0.00013641997583123554,0.00036848897212233184,0.001912499999999893,-0.0010615822053315165,0.0005006430378472358,0.0024999999999497646,-0.0005262196876761512,-0.00017446129075961004,-0.0017875000000167063
-0.0001802776507044333,0.00024374203757804056,0.0010083333333333424,-0.0001777906537349581,-0.00041629104420570773,0.0017333333333091616,-0.0002318928624648569,3.233865840589013e-05,-0.0006333333333330415
0.0005256142100276257,0.00013756340409533732,0.0005625000000001599,-0.0002810628382890333,6.367527580501029e-05,0.0012749999999783768,-0.0003312806582922726,-0.00041620374076126323,-0.00015625000000518696
0.0017165559251311469,-0.013359385554041156,-0.07303355800274519,0.01403173112501932,0.0030574803932814643,-0.07503679198492819,-0.009606254364295796,0.0080839967367477,-0.07009256127545882
-0.006519588998385142,-0.018467284530743547,-0.1107085498049448,0.020823976914600778,0.0024308385387454092,-0.11600348841966923,-0.013095946711172424,0.01508501969567829,-0.11184449662406948
-0.020001029245201894,-0.017487771618070615,-0.12162926764734255,0.026283286758067032,-0.00998648667233192,-0.12608905847432497,-0.004649850652821419,0.026340487912659128,-0.12319749953532504
-0.01083988112911582,-0.013073233708437266,-0.10395353500859154,0.017566682952786995,-0.004305385265372736,-0.10919516464188983,-0.005501560778144542,0.016628200191602407,-0.10610917330706737
-5.100892435522253e-05,0.01101593525288475,0.05551906869366487,-0.008540555394214583,-0.0067617671347317,0.05345894846753296,0.008427965965698142,-0.00571563969755523,0.0500691850465973
-0.001976239331806672,0.010155824695368246,0.054558523804201356,-0.008000904048580115,-0.007234442474172524,0.055554134930879684,0.00974270666951003,-0.0035111307924008527,0.053793080679698235
-0.0035227827170041565,0.011225101681645741,0.06403546348657223,-0.007881304224374124,-0.009363809523191864,0.06593782575556872,0.012045175406681824,-0.002395036055670628,0.06738603777315018
-0.00976334718296767,0.012660450171695014,0.09331927077425979,-0.0063259355763379006,-0.014775396193237889,0.09249768613499576,0.015877461823922613,0.0024691682435643743,0.09435611239989039
-0.00031581624624493765,-0.0006502387247236325,-0.0014249999999999016,0.0017821577559182233,-0.0015028310337561468,-0.0037250000000099703,-0.0004907257677884413,0.00028627269828968016,-0.0036499999999328736
-0.001112590786660977,-0.0002845504259952129,-0.0006374999999999192,0.0006904289050865512,-0.0005657049252773118,-0.0021625000000025096,-0.0003640301305566116,-0.00010919270252491348,-0.0016624999999770296
-0.00017871642837642896,7.249980666672224e-05,9.166666666650356e-05,0.000355709256188005,-0.000413554029836592,8.333333341899637e-06,6.520493023496966e-06,0.00030623686731298276,-0.0008333333333017853
-0.00026346362513716607,8.992035964149855e-05,0.0006812499999995523,0.00022724576562599115,-0.0002488650994769108,-8.750000000112834e-05,-8.18797045224064e-05,0.00027710968522025244,-0.0007062499999710425
-0.003664402495488772,-0.01336934234422025,-0.07513641473378296,0.01149575589277571,0.006784717832615528,-0.07284517542380797,-0.011998449893746432,0.006906742715799552,-0.07380226716966476
-0.008386918061187916,-0.019076475003962846,-0.11591787984243318,0.02028976486839664,0.003387811218323754,-0.11536413043107263,-0.012429209970718811,0.016131439168452624,-0.11629730212847633
-0.02193131818250368,-0.017629490397890222,-0.12708206628549767,0.025660842308556444,-0.01000226106762786,-0.12925065162846527,-0.004115972860689797,0.02714918102684443,-0.12961008640264282
-0.012618409367846835,-0.01300545845170957,-0.1100800878191932,0.01787590747106771,-0.00413061164950027,-0.11208749826194797,-0.004980018072351553,0.017281912545995478,-0.11163270959331228
-0.0024461872536463147,0.01036681172826837,0.053218691328336766,-0.008149811085031433,-0.0072307735686991115,0.053451318913388945,0.00891345925598322,-0.004562804762138495,0.05219937337028746
-0.0023313929213286677,0.010454757117619805,0.05469392252208026,-0.00823974462244951,-0.007036747219098712,0.05592986170461778,0.009908882407118656,-0.0045152766145473144,0.05596294069625252
-0.004162904097134474,0.011492987058894063,0.06527119463735023,-0.00780825475833548,-0.009500227919963244,0.06653997809594377,0.0122162426425132,-0.002816920024555279,0.06684295348698595
-0.010031229166048239,0.012425382141836763,0.09219326050993697,-0.00606289052943202,-0.015043924137316029,0.09303447560229383,0.015794923653337966,0.0021895055319704803,0.09326860431589923
-0.0006257540625526081,0.00030778001836347075,0.00197499999999974,-0.0004491096492025004,-0.000624590985834339,0.003150000000129438,-0.0003036239510888217,-0.001984922449724258,0.002700000000022129
-0.0008333641145774617,4.104165127593387e-05,0.0007124999999997685,-0.0001605777126607095,-0.00025453006540714855,0.0009250000000626812,-5.7103617535143097e-05,-0.0007666128298401533,0.0006750000000277367
-0.0006281919904577953,0.0003342296774134674,0.0012833333333327154,0.0002941342583424283,-0.000551884040943053,-0.0002333333333067363,-6.532691341844452e-05,-0.0006814121980399815,0.001791666666702459
-0.00013179376553692327,7.537459184500775e-05,0.0004437499999996682,0.00032525323765145896,-0.00034451560125036665,-0.0006437499999734086,0.0002477297339355621,1.0875320906980185e-05,0.000931250000024697
-0.004594670671820289,-0.013302487784044565,-0.07250317415122445,0.013503096518596713,0.0032284151008157846,-0.07297104722705505,-0.010340364319891271,0.007866238596616892,-0.07126775327472856
-0.007540196095720233,-0.019095236579244793,-0.11258044938420671,0.02021877164535245,0.0026104097563632114,-0.11259102541307797,-0.012949836966011683,0.015977059693469655,-0.11254215832710024
-0.02129816587067603,-0.017332494802137336,-0.12444341883399215,0.02630659147659947,-0.009729851213849394,-0.12471114993801713,-0.004229277895270722,0.026942225652847075,-0.12524439627152142
-0.012060734781385274,-0.013345069188298291,-0.10667551289330794,0.017577304436126418,-0.0037583555796723363,-0.1069289465055634,-0.0055125545283076895,0.017336116114256065,-0.10850045434946942
-0.00028342877227138796,0.010617360957429416,0.051227675847113165,-0.008422659002124688,-0.007468108050801003,0.056885014301588654,0.009045464517392493,-0.006287888196995772,0.05504238241824666
-0.0014188996306076075,0.009955726055880888,0.051647915221524385,-0.008132001627994236,-0.007836806079026322,0.05826932641097571,0.010141277661384403,-0.00344649358736805,0.05475736285012189
-0.0038696682523637576,0.01060411075993768,0.061822032875379754,-0.008038665025526606,-0.009686242358629018,0.06690413566001752,0.011963229246707991,-0.00272492131572964,0.06575445536700641
-0.009442247108514063,0.012591968547917977,0.09153529483429626,-0.006019964885511053,-0.014770311766805334,0.09206291209469253,0.01597493005275919,0.002043117808086204,0.09275888969529911
-0.0006327998336025376,0.0009749584005325204,0.003074999999999371,0.0005877738871763738,0.0006933281534310387,-0.0036999999998954536,0.00011044544821064983,0.0006584210619428599,0.0006749999999833278
-0.00014078407800963453,0.00032121476777710345,0.0010874999999995825,3.466055285530592e-05,0.0011353210611322576,-0.002899999999961267,0.0005454712886238111,0.0006477854293837934,0.0013249999999853657
0.00044214309472188706,0.00039314742980440024,0.0012583333333328944,6.726982349035999e-05,-6.428262883106939e-05,-0.00047499999995537223,0.00016104558443256835,1.0691582793701368e-05,0.0007250000000051197
-0.00013320055629683023,0.0002039716685581161,0.0009562499999995966,2.8591563082015552e-05,0.0003188869777360244,-0.0005874999999821995,0.00028159982934007404,6.724977202303344e-05,0.0009312500000024926
-0.003553874394122969,-0.01286521994741811,-0.07081554283173139,0.010364651916311418,0.008052797836465009,-0.06945497444794668,-0.01015638547594705,0.009801209828158575,-0.07625356118916571
-0.006948811526651882,-0.018109758686972496,-0.10763235852973282,0.01923473836845503,0.004300626077008429,-0.10994036606863933,-0.012783872019084264,0.016741062814726315,-0.11584245324529618
-0.02004433702383227,-0.017484253410646116,-0.1614263898863599,0.02568742097245524,-0.00849255239217052,-0.12149204033422567,-0.004588585451466882,0.027645961157348655,-0.12558938866703193
-0.011874087722543761,-0.012743155414239468,-0.10531284257293132,0.016649518835128163,-0.003052356289401224,-0.10364224631842223,-0.00527654575577095,0.017206513269466095,-0.10801783397607068
-0.000552703726036663,0.010258600243312323,0.05301416684517857,-0.007326603807134707,-0.008548719587095355,0.05449053201562748,0.009808891780767326,-0.0035907567857290656,0.0514346716005587
-0.001239452981342352,0.010556236361971887,0.05405679139411407,-0.008246943620598659,-0.0076447624256268144,0.057024623422563536,0.010264007825505473,-0.003785409229610052,0.055405613535097764
-0.003958700819105464,0.011053339116890727,0.06407228010175707,-0.007950330259063767,-0.009584154847297664,0.06622050184474186,0.012340187569651473,-0.0020168378776398116,0.06696395335176557
-0.009602685869837169,0.01241664718530761,0.0923571182939372,-0.00552481292074405,-0.015431257752049107,0.09384928220275146,0.01624260830418308,0.0028976861664981326,0.09509032991499855
0.0018733853114696886,-0.0004548399285640556,-0.002899999999999765,-0.0017594306640049406,0.0015047109478555365,0.0040750000001033015,0.00021961030141973148,0.000595001096559411,-0.0015000000000320313
0.0002772237733600975,-0.00017587383658910596,-0.0009374999999998471,-0.0008735178806735306,0.00028985201348345296,0.003325000000042877,0.00024681328948209885,0.0006596591414652507,-0.00033750000003607283
0.0005322700276683927,-0.0003550670125660281,-0.0016249999999993368,-0.00040044640622012773,-0.00013368811902542927,0.0022916666666835304,0.00040113037850469143,0.0005932783383019327,6.666666664637925e-05
0.00026251658013334405,-0.0001308794839796106,-0.00033750000000009586,-0.000368346884586704,-0.00014346619688588333,0.001950000000028318,0.00015292067151670272,0.0005201779915069661,-0.0009750000000252612
0.0003002984613822979,-0.012528803437092012,-0.06769201869973591,0.012479371408982698,0.0074425673370348555,-0.07608760036559303,-0.011749422186617398,0.007102154145344208,-0.07341078755196406
-0.006564178454623561,-0.018152003407226936,-0.10896919579681943,0.02036333545250677,0.0027740835580356313,-0.11504958246508767,-0.01318298025180304,0.015738239551760853,-0.1152291978205433
-0.020034361292386508,-0.017676384354839217,-0.12122997698150634,0.026097015293328734,-0.00916404257232364,-0.12374361767557203,-0.004457548492118165,0.0270406206388481,-0.1275514531702271
-0.010739068207856684,-0.013113474121781134,-0.10259376150286366,0.016798880772432145,-0.0035180092166192957,-0.10447407395044184,-0.0050110265919559175,0.017081510045370816,-0.10995039000178952
0.0007156737396596391,0.010305081302584378,0.051949199103704234,-0.00945772971387357,-0.005060225750572189,0.05300440128737094,0.010429630417300995,-0.0018345785127230063,0.0504360891930844
-0.0015718791422308304,0.01032087461055469,0.05423023576057319,-0.007938360065871182,-0.007311104573853249,0.05558094668081104,0.010298636202449153,-0.0025589869218479843,0.05439233989257275
-0.004093672958850008,0.011140845405771307,0.06512576079842815,-0.007365768666180558,-0.009527862518284223,0.06493171617260411,0.012143828944042983,-0.002206006432117372,0.06472696605084316
-0.009332066260165537,0.012921258892395166,0.09122246110208417,-0.005796265551092974,-0.014710996437598113,0.09170245520744302,0.01574051819386334,0.0023510955704329982,0.0910680562947519
-9.554975005654498e-07,-0.0003412482164028688,-0.00010000000000009064,0.000722699299408186,-0.0003065110047509312,-0.0011999999998124622,-0.0006250000000006251,-0.0010825317547438762,-0.00010000000010279564
0.0001388867111133211,-1.0888888598552436e-05,6.249999999998852e-05,-0.0004426633873452459,0.0003851905542121929,0.0007875000000989729,-0.0003700016627157983,-0.0002667811441388797,-7.500000007709673e-05
0.0002653026508084696,-0.0003005212386911641,-0.0009416666666661832,-0.0002956198312610768,0.00024113818266970264,0.0007416666667185249,-7.37089921439996e-05,-0.0006767542709423813,0.0012916666666029641
0.0005255654978149995,-0.00014156313843318398,-0.0008874999999995585,-0.0002874801498571392,0.00013649367411766296,0.001137500000036873,-9.667645335007407e-05,-0.0004749418686929954,0.0008187499999534609
-0.000470505374654262,-0.013291282961943195,-0.07033311936770076,0.012991719629353027,0.0033930928237529967,-0.0717388980838507,-0.010900201250801933,0.00800908189576427,-0.07378117945870954
-0.0065506357827260775,-0.01834455342200571,-0.10840988357659695,0.020171607817656124,0.00233636970348789,-0.11252396031726786,-0.013326840740667133,0.01560052737718809,-0.11403711948956285
-0.019675059141333693,-0.01767461252284295,-0.16076008237758171,0.025485867221258413,-0.009823858084963277,-0.12485152899883352,-0.004303010013185861,0.02683886533687855,-0.12735507590650266
-0.017726346882833203,-0.012128663874145651,-0.10639376475672821,0.01773662566252509,-0.003980980017694839,-0.10793780095955663,-0.005302075357025602,0.01737122645093671,-0.11124530117065934
-0.0007967182476045775,0.009872242616050173,0.05150974210931891,-0.007474488502887816,-0.007452866401469471,0.05284954918058915,0.009730903383166345,-0.004542088928964627,0.05314279001669142
-0.0018047554314738602,0.010154933991705762,0.053785866573586194,-0.008038446474276095,-0.006923195026903306,0.05431119408942919,0.0101117425707134,-0.0037227839458056325,0.05487056681177105
-0.003939141580872448,0.01095096183616255,0.06355563749592334,-0.007389955662001425,-0.009871912697407321,0.06535310075251506,0.012172666725805048,-0.0024149062300277135,0.06652146957679683
-0.009579592589026882,0.012784174249240077,0.09240754496953629,-0.00576189929983887,-0.014824975878154322,0.09076095387035021,0.016353024423246154,0.002348755782610442,0.09509093436310123
-0.002505282294763822,0.0008064456838475373,0.004299999999999395,-0.0010993579276051546,0.0011682729121123558,0.0015250000000577302,-0.00023170820983783869,-0.0020252860463143563,0.004449999999955878
-0.0005556499138334755,7.258325155597537e-05,0.0006124999999989403,-0.0004644456211289061,0.0003723921270083598,0.0006250000000207478,0.00038325276754187017,-0.0002171764508784868,0.0015749999999759012
-0.0001810386382194995,0.0002990489302235674,0.0014166666666652918,-0.00026960792755964524,4.9127019147165996e-05,0.001100000000005726,0.0002101879645234022,8.548777653827333e-05,0.0011416666666560122
-0.0001402803585763484,0.00048202028846945725,0.0022749999999986206,-0.0002567869915300716,0.000231086184817714,0.0006062500000014737,0.00025894611804872837,4.648395155635193e-06,0.0010000000000065512
-0.0021817585041106202,-0.012346206326578638,-0.06814126055958322,0.013252730244758815,0.004436020679690622,-0.07504975462757635,-0.010003893168623879,0.010085957886367403,-0.07654989942160739
-0.007388392733623548,-0.017666264850682418,-0.10712542318358995,0.020526280640930126,0.002281360115815836,-0.11562175909911598,-0.011878874304442776,0.017111974669704724,-0.11558017666648546
-0.019487676895118655,-0.01796973965867709,-0.15913699510788135,0.026000184687585394,-0.010098689129312197,-0.12766494010349275,-0.003978809280370611,0.027258407375041063,-0.12665700172348102
-0.01766419862947838,-0.012246090590148,-0.10488914851564916,0.017781434995237905,-0.004378819968774223,-0.11086290955522604,-0.004989128895148044,0.017643625466726136,-0.11063348846385157
-0.0005365638649362792,0.010369895531431132,0.05128040221443969,-0.00784555332387915,-0.0077852603852443525,0.054539469638292815,0.009385070051312616,-0.004752775054336911,0.05386384952923429
-0.002958236145322868,0.009830601971793192,0.05187704656140322,-0.008236519894727005,-0.007243475228923484,0.05514555041603586,0.010132962519474506,-0.0030354722890319546,0.055523354441722184
-0.003866713303889356,0.01133408419648817,0.06393547719554876,-0.007755607236493394,-0.009555137467837094,0.06683517450678522,0.012263120928716092,-0.0016922222480429485,0.06750383422596447
-0.010047216480653449,0.012871166923958654,0.09282147340340856,-0.006245348312350936,-0.01530137215275483,0.09436608032289406,0.016052689288965905,0.0027238198025239086,0.09537001701832026
-0.0015648534710879791,-0.0005410244249165863,-0.0024249999999998093,0.0003553781529122557,-0.0005165330273018687,0.00017500000009107453,-0.00043933370367718605,-0.001908432805057536,0.002324999999903099
-0.0004174105029428363,-0.00020378985666178205,-0.0006499999999997758,0.00014368004176855563,-0.0007201051875781338,0.0016750000000786969,0.0005796201256951732,-0.0001670346680384929,0.0023374999999603574
-0.00026917089513055014,-0.0002171464868874724,-0.0012083333333328602,-0.00025732743160121273,0.00026356208749990707,0.0003333333334095319,0.0001047160291335812,-0.00026504346294682027,0.0015166666666270128
-0.0005921052631559304,-1.3193028540981507e-17,-0.00014375000000004716,5.225682193544859e-05,-0.00012177462102580527,-0.00023124999994905693,0.0001486023032601515,6.65463758556981e-05,0.0006062499999792692
-0.001621442048814481,-0.012627357620403531,-0.06983629589296693,0.014471263751706515,0.003851204986568546,-0.0800922700795681,-0.011006139332161297,0.009751442084003636,-0.07828297502010528
-0.007035772496037189,-0.017740415359021898,-0.10851383874092586,0.021312010990749294,0.0019164106173086282,-0.11729291565907296,-0.012567888541128384,0.01714523831841366,-0.11850929800796273
-0.0199324756417252,-0.017354247773899385,-0.12094470836925657,0.026521117452541765,-0.010672367591300913,-0.12912753725585016,-0.003352441667487422,0.02790335598328254,-0.13152749109212417
-0.01755197899199033,-0.012425143728628235,-0.10470324027941633,0.01770495620875574,-0.0047647479983276885,-0.11094276824750171,-0.004743876219679451,0.018613962360811764,-0.11593412465029651
-0.0026607313099932806,0.009754159610819326,0.05088702042669071,-0.008961893530310544,-0.005495883375353228,0.05258208783454066,0.01066547122696715,-0.0035872743588821754,0.05326192703076771
-0.002681539740016318,0.010209689109459975,0.053868573133538,-0.009088017301093888,-0.006175825726105015,0.05586290992822818,0.010712802487317251,-0.0035957167340376164,0.05720177029118201
-0.0044044873512521275,0.011364317654148129,0.06606166687384112,-0.008110225075056472,-0.009339397830174631,0.0668510510696052,0.01265448795843026,-0.002113936594906805,0.06763138565103095
-0.01009421433145971,0.012441394972335481,0.09295974860152956,-0.006544671275115313,-0.014845896654473658,0.09341363329833374,0.016243832413855394,0.00305880674036918,0.09434705122857712
-0.002503861159630638,-0.0006894855849436806,-0.002724999999999732,-0.0010381790682655045,0.00047914063121962114,0.0035500000000965315,-0.0003140190935786713,0.0001825362608356973,-0.0019500000000505224
-0.0013889235555471686,4.333331484461293e-05,0.0008750000000007994,-0.0003811445995760554,9.906024015885843e-05,0.001287500000080044,-0.0005103317190456128,-0.00018393898795457077,-0.0015875000000331596
-0.00017862362854511752,-4.349995823977485e-05,9.166666666747409e-05,-1.9825411154020653e-15,1.9825411154020653e-15,-0.00026666666661512295,-0.0002429215374976011,3.8877465445365444e-05,-0.001483333333377838
-0.0003289553289457996,-1.447368129149996e-05,-0.00020624999999923574,0.00010424010926511264,-0.00016772021860087994,-0.00021874999995841193,-0.00041819113990125773,-0.00021151770475767937,-0.0015562500000232404
-0.003836846296241536,-0.012694131885845972,-0.07070072285964445,0.010455262520310538,0.006778327639074544,-0.06928242264705453,-0.011273141327990122,0.009167200642916373,-0.07672304882140324
-0.007546600157852678,-0.018994228698417756,-0.11295365973620013,0.01858191057403993,0.003364270781939608,-0.1073704275587728,-0.012931824367151679,0.016675896108785886,-0.11690163467106274
-0.021147575583596912,-0.018052278634072032,-0.12323496285194947,0.024704072242730295,-0.007943045591653803,-0.1592134700728091,-0.003925146074051525,0.027369247838909542,-0.12923305690174894
-0.011690522202923413,-0.012985832964213634,-0.10538988098808097,0.019311319300400556,-0.009396786108343956,-0.10727423481095706,-0.005140555900746457,0.017933234223152607,-0.11261200086296608
-0.0021414319371082513,0.01041180874767837,0.05402251739810783,-0.009470193814649364,-0.005082161953197384,0.05220981412277226,0.009411898269053726,-0.006077974355485349,0.054332149308544686
-0.0013863188079536275,0.010684490241275078,0.05474944679214995,-0.008361944696777535,-0.00630748724788879,0.054216510563964704,0.010146816551576584,-0.003425753732704139,0.056064115582477037
-0.00447415924076774,0.0111368182827381,0.06541678682938902,-0.007520350399107494,-0.009553668713473922,0.06601201255710028,0.01194253854483289,-0.0025047365231365254,0.06657464659959682
-0.00999563053532373,0.012500972896015311,0.09250236007538795,-0.00587340157796075,-0.01480672593247949,0.09215930158927854,0.016258338597922535,0.0020091394375757058,0.09433799482542193
-0.0009381765050039959,0.00028787394014134944,0.0010999999999999617,-0.0001452075386806917,0.00027700683446346686,-0.00119999999990128,0.0007768053418392984,0.000275854504516726,0.0036000000001479293
-0.0005570770829756001,0.00028707795724966685,0.0006624999999997466,0.0002647950596768651,-0.00016830647205553126,-0.00012499999995085886,0.00046922448322353174,-0.0007397517488541253,0.0037375000000672287
-0.0003573873900510259,9.227635370573428e-05,0.0008166666666662728,0.0002016547971879699,0.00011471097548827152,-0.000958333333311856,0.00043878120564424687,5.9965654782992826e-05,0.0016666666667219943
0.00039190301865271433,0.0002764608984262467,0.0010687499999992936,0.0003287288816879248,-0.00019162520441773942,-0.0012999999999818712,7.115101703063158e-05,-0.0001919397196941353,0.00032500000004542784
-0.0023253903234030093,-0.013131164545759726,-0.07105370236063875,0.013708893897530078,0.0026379744105450853,-0.07377040339333618,-0.01111098120468168,0.007344914979681705,-0.0741055021318715
-0.008022930408182102,-0.018949735388379945,-0.11417667824317376,0.02023491854609032,0.0020377384235733174,-0.11191637878860128,-0.012223903960550953,0.016143459198755507,-0.11481641222745864
-0.02155117425015422,-0.017633475929850474,-0.1255063360692859,0.026152210179560716,-0.009313332746773468,-0.12173895294894284,-0.00489123083568085,0.026866354925809494,-0.12461600825588448
-0.012196856865937074,-0.013034744529488973,-0.1074705261073237,0.019772363304556485,-0.009418866745730815,-0.10540532747701366,-0.005300930458159831,0.01644847509348589,-0.10623881543632141
-0.0017271459807899348,0.009878698197959666,0.04928168494848591,-0.00830402701745142,-0.005740465375693449,0.05135629431043398,0.00948233117779515,-0.004112818051404954,0.051649606729808895
-0.0025183114418020963,0.01020289973853319,0.053576940884938064,-0.008573749899626337,-0.006804968714089569,0.05534445586730108,0.009821719282732276,-0.0031116028098823437,0.05388292973660391
-0.004142279602074266,0.011359875490551705,0.06547775337668714,-0.00760177391376436,-0.009516162504963939,0.06569213562439558,0.011957155000448241,-0.0018883149060749155,0.06658377550897339
-0.010259683953711685,0.012601413276739937,0.09347984123068234,-0.006217150183361243,-0.01479735549494786,0.09228302069532734,0.01621800636788438,0.0021805579168567377,0.09463961285850475
0.001874654583122748,0.0002093433700412449,-0.00010000000000010695,0.0008452497738467568,-0.0013162655888368513,-0.00129999999982644,0.0014484784839306764,0.002411338338240143,-0.00032499999997881446
0.0005529357569496648,0.0003824463695116365,0.0012625000000003703,5.1352179058433085e-05,0.000508961096801825,-0.00067499999989451,0.000250515353561773,1.663135101242435e-05,0.0012125000000473563
0.00017678010331383703,0.0002522950924320489,0.0016499999999997832,0.0004900513310741277,-0.0003378119576688147,-0.0013166666665990572,0.0002525514730915874,0.0004727891198858763,0.00045000000001849116
0.00039211902894570035,0.0002644169327336592,0.0012249999999998248,0.00025161851676640186,0.0002915159631875964,-0.0019249999999582101,0.00038210776223095085,0.0002371909677235136,0.0008437500000235687
-0.0026406019589669816,-0.012977479191472506,-0.0729849880451519,0.012136128887969139,0.007647774601909907,-0.07621386138358943,-0.010927171054966184,0.006758412141462389,-0.06998288798580887
-0.007845780232104384,-0.01833636873221546,-0.11198666529650805,0.02006682670793543,0.00333827425606935,-0.11453960845531075,-0.012307666714708114,0.014601243416834418,-0.10749672954930567
-0.02070140854922863,-0.017357797228092293,-0.12292046449422767,0.025574816542335916,-0.008868801766839598,-0.12329844915329365,-0.005828511081044929,0.02549504597002783,-0.15875883403418575
-0.011410707058059471,-0.012775819873583916,-0.10432452633425604,0.017033035173030606,-0.0033648068511318123,-0.10630404995348453,-0.0015841473604831149,0.021316452265877597,-0.10694016256080907
-0.0014309238326529194,0.010004547259012394,0.050471983578350366,-0.011349805053042367,-0.004242892863381975,0.05602501870072274,0.009458306131672478,-0.004427452428387713,0.05174677455799248
-0.00232361318187725,0.01046289061155981,0.054261737447351244,-0.008212818139457142,-0.007322609483603439,0.05787514401878191,0.01007409707634808,-0.00396565114737451,0.055276034507523164
-0.004473073793420657,0.01119989976810987,0.06509074408389055,-0.007839881034977672,-0.00937679701979285,0.06718976127659815,0.011537281403832051,-0.0024626018188751908,0.0645640865420442
-0.009861350922597165,0.012907789444669021,0.0921019026478361,-0.005882114951374625,-0.014767488202709888,0.0933900747416061,0.015784766353979452,0.002251760292263255,0.09374982331406545
0.0028124078812752362,0.00010837494779929833,0.0008499999999997381,-0.0002637074907781145,0.00128956140799108,-0.00039999999996709334,0.00042703921502781905,0.001921822578673793,-0.0015250000000577302
0.0013839108082650913,0.0005323995251580247,0.0017125000000004626,0.00038375053175289235,-0.00010085186191413322,-0.000862499999998434,-0.0005848784163900137,-0.00030125211433751353,-0.0017500000000225668
0.00017772679783224974,0.00017237224086410366,0.0005583333333342149,0.00031022658071787134,-2.918480416264873e-05,-0.0015666666666488045,3.845767585140626e-05,8.089636242230342e-05,0.00026666666667433486
0.0003943030415173708,0.00010711067084115122,0.0008875000000004362,0.0002944437214741358,-0.00021084029989594302,-0.00054999999998806,0.00033674335777290096,0.00026254127267959736,0.0010687499999884054
-0.0006425691340891659,-0.012428303107271457,-0.07006480791147311,0.011901384955329691,0.004309461249775437,-0.06893190035577312,-0.010867512751575048,0.00837289634587901,-0.0742532200034951
-0.005990222987735229,-0.018498510574621967,-0.10918254964570835,0.018929218891828747,0.002802374336375991,-0.10880348009363328,-0.012588446547081824,0.015656520358168287,-0.1114781712950208
-0.01921824101919658,-0.01803464643700308,-0.16060278211284681,0.02530397821105589,-0.008836548722498156,-0.12198630983951686,-0.005533061276594935,0.02668444997975881,-0.12069117141913684
-0.011358089882984519,-0.013207826810678745,-0.10661500952131839,0.01688681875343141,-0.003308663871942911,-0.10468263907825182,-0.001740656425300156,0.02116062706699878,-0.10502809726133933
0.0016740419736607781,0.0102287556280035,0.05163901611474727,-0.00969918063427333,-0.004866166981740139,0.05481905613375915,0.009436836059632803,-0.005749595951599906,0.05643541611650704
-0.0009003091164188564,0.010854691553527961,0.055631033916434515,-0.0082204931098093,-0.007258170353232248,0.05595918244902798,0.010205197043171145,-0.003841994408004812,0.05626298466676616
-0.003333130823861869,0.011305549201441797,0.06330505130072382,-0.00763282490021111,-0.009339289773587143,0.06538977613287737,0.012153610323172973,-0.002442926502909432,0.06719621720893502
-0.009046441437038366,0.01272009171659482,0.08993610595246669,-0.006247059889634348,-0.014414857994049311,0.08975387785070676,0.015586666112640124,0.002140647143568156,0.09263008091533464
0.0018738313770638726,-0.00038315387379709865,-0.0008500000000002672,-0.00023421400506887236,0.0023818414252238518,-0.005500000000058236,0.0004820402688919534,8.386039485053232e-05,0.0016249999998940723
-2.5038503061026853e-07,-0.00011645797444793073,-0.0010750000000003662,8.746062615496954e-05,0.0008472387883268823,-0.0018750000000178346,-0.00040466343967988157,-0.0008888139630927297,0.00019999999993913775
0.0005350506308783785,-0.0001543373832324335,-0.0008416666666669203,7.090907393996522e-05,0.0008581358732118975,-0.0024500000000315936,4.870226267510753e-05,-0.0002334981532312438,0.0010833333332923207
0.0005919924593706119,5.502616162406241e-05,0.0004437499999992857,0.00013912891652280215,0.0006044081415897786,-0.0022187500000159233,9.208395382539889e-05,-0.00020365228162762334,0.0011999999999678934
-0.00010489897831617023,-0.013008468194670539,-0.0695212012743242,0.011097492609340315,0.006669889641493232,-0.07212747087850246,-0.012252369168071903,0.007099491472616071,-0.07534621391469543
-0.007162647124297422,-0.017885721189084373,-0.10954597572881372,0.01978299856158143,0.003867883283643748,-0.11259104061833725,-0.013311660269902444,0.01612481095552503,-0.1157903463045784
-0.019742166278943662,-0.017557718076349232,-0.16190523273057444,0.025020593240896612,-0.008883719836394069,-0.12218221326979843,-0.004415160316439364,0.027196813789049333,-0.12700915808624794
-0.011173462390696198,-0.013159674961258439,-0.10423819732330561,0.0169864118160217,-0.0031005908789817405,-0.1046706603442471,-0.004999487694375065,0.017070815963123792,-0.10916294580682884
0.0011660976903526965,0.011309676339983199,0.05650084077339816,-0.009213658661178653,-0.00687653694412399,0.054987962012642555,0.00877168545778198,-0.004504844129095409,0.05124080269474085
-0.001376090358076423,0.010523430851331358,0.053919239913374294,-0.008163872491638425,-0.007098212186097531,0.0545377764070043,0.009735903133142258,-0.004621718141081501,0.05517043060774274
-0.003945039955571827,0.011036692746170898,0.06446699612307635,-0.007969219536293442,-0.009436996071219126,0.06471921592237824,0.011809070190710412,-0.002235167011683486,0.06548065302234285
-0.009568556430817362,0.01274755054274304,0.0926392797184675,-0.0061690989500699425,-0.01489793264855991,0.09134846632519178,0.015743251631032976,0.0019244922700182474,0.0928542379138142
-2.160887295488134e-06,-0.0005144939495012536,-0.003049999999999767,-0.0005871577581362253,0.0007433622898692094,0.001050000000102358,-0.00016794507955164573,0.00045910608933996677,-0.0029999999999752447
0.00013654120232612735,-0.00035842030393217774,-0.0020750000000000863,-0.0004602024938256862,0.00037487594343558567,0.001575000000064719,0.00020145812683799078,0.0008472620148216839,-0.0006124999999634895
8.87777381608501e-05,-0.00013367728455327785,-0.0005416666666671547,-0.0002541159909530807,5.8292087750021005e-05,0.00119166666670741,9.813915768335552e-06,0.0006158972414254433,-0.0009166666666319637
6.578629835768109e-05,9.072367680053596e-06,-2.5000000000494333e-05,-0.00046370076738808547,0.00018391984776529972,0.001456250000031467,-9.953492494181082e-05,-1.8242516701916817e-05,-0.0006437499999734086
-0.002335860504514009,-0.012979590686428719,-0.07260279681160917,0.012736216702748798,0.006867330501057756,-0.07638070148536791,-0.01177443673850559,0.006287690496160903,-0.07284848900441787
-0.0069585684397441595,-0.01869905151945101,-0.11174797002274847,0.02006542855494139,0.0031304683378770757,-0.11410643616078797,-0.013591035808964888,0.014824449443852207,-0.11196104457158462
-0.019988123922604868,-0.01725685194976403,-0.16282322073691616,0.025638922740724678,-0.009211031487187897,-0.12370492096996921,-0.005118943685863964,0.02638149459668998,-0.12368025707975387
-0.017800094924987114,-0.01190768337448679,-0.10764420070846321,0.017129347494683204,-0.0036311449839848977,-0.10653417287033728,-0.005655238716655239,0.01651277395501704,-0.10655795931082679
-0.0009448879427845225,0.010935282322830493,0.054350045604436494,-0.007356969142346265,-0.0085742016625312,0.05331421949605897,0.008469790654525022,-0.004724291641618195,0.051302961465893304
-0.002280905215809284,0.010779503082804072,0.055581154346141484,-0.007573535952748147,-0.00790686791649373,0.055272594113020546,0.009634505225426958,-0.004748009135845265,0.05492897411736308
-0.004492906845976078,0.011842271190626105,0.06676370326521645,-0.008102919691569834,-0.009744323499755776,0.06704298778750228,0.011997424453369166,-0.002200341584181396,0.06731727514065848
-0.010511549903839897,0.012562206498238124,0.09359146336471777,-0.005657356241767365,-0.015668133625628144,0.09479225127155821,0.015923856059846975,0.002401240021331586,0.09448992028721626
-0.0015626943358354461,-0.0001554685880534396,-0.001549999999999847,0.000516258414167553,-0.0007844983179808307,0.00010000000019161348,-0.000666377996505485,-0.0014193253521366245,0.0007749999999973056
-0.0009743257174923661,-0.0003392690832861631,-0.0010875000000001495,-0.0002019342847489305,-0.00011773392956844948,0.0006375000001224151,0.00027979944932273365,7.770351646069824e-08,0.0005124999999939206
-0.0008063295611046176,-0.00030989434919315644,-0.0017499999999995056,-8.291404270904008e-05,-0.0002553800230850215,0.0012083333334208153,-0.0004870271436964248,-0.00043920691811250023,-0.0006083333333369486
-0.0003323501210102182,-0.0002984741386321208,-0.0013937499999997105,-0.0002520551681473903,0.00015749853822010743,0.0006937500000692154,-0.00025533676495966066,-2.3822054650539306e-06,-0.0012062499999965226
-0.001847797368503823,-0.01233364042015473,-0.06790662058813382,0.013254253225059714,0.004444570922586266,-0.07537487458693093,-0.00998289888514553,0.008843869502700441,-0.07254115784158799
-0.007066148329663384,-0.017818621784485712,-0.10645963960058227,0.02046735410989264,0.0021921380146302147,-0.11407321491470057,-0.012607956979360853,0.01584273377541128,-0.11388866203225767
-0.019825192217170853,-0.018045081640841825,-0.16056661926163057,0.0261719021373855,-0.00944942602692075,-0.12374820001893976,-0.004635319067630309,0.0267787207191167,-0.12460381814864974
-0.018345668988523956,-0.01217481184870646,-0.10728984632209278,0.017536239463091505,-0.0036783303049270646,-0.10711104981221131,-0.005090040161084976,0.016740246716881492,-0.10774060529694651
0.0012681065454031581,0.010787834867906252,0.05436191148752689,-0.00750101946953366,-0.008702044793050534,0.05680290752518857,0.010132411766217847,-0.004022931052942436,0.05289888206569948
-0.0017952377310929506,0.010502109184790526,0.05455325572005776,-0.008186564626207975,-0.008281887992971236,0.058562070432355284,0.01041938955092155,-0.003481866013245306,0.0572292409441566
-0.0038277622111690785,0.011657935523458212,0.0663875286665967,-0.007917771376221969,-0.010097186968219263,0.06842347572151297,0.012053454860881779,-0.002527641688240426,0.06590049411747678
-0.010061994395499228,0.013104318618174625,0.09533913075671635,-0.005821952609783606,-0.01563135946759253,0.09497994907232687,0.016129409750530777,0.002204032513367532,0.09412438913845578
-0.0015650059205854494,-0.000556867482217918,-0.0030749999999995876,0.00035401718707223084,-0.00087830055990612,0.0018250000000996636,0.00021249211083415598,0.0013227879411478738,-0.0009750000000252612
-0.0004259111538574957,-0.0007165871623129076,-0.0035375000000002327,-0.0002997566458893634,-0.00017551124802580217,0.002100000000071489,6.038461312609902e-05,0.00044686487302775864,-5.00000000069889e-05
-0.000721606406563015,-0.0005048399456098918,-0.0023583333333334886,-8.695010157314506e-05,-0.00036159507843128554,0.0015916666667337154,7.055340807713259e-05,0.0004757677404503597,-0.0012250000000157968
-0.0004645557111814773,-0.0003223348420582081,-0.0013250000000003665,0.00015311352625984277,-0.0006731437439297821,0.0007000000000534357,-1.492762156794415e-05,0.00023727188172415948,-0.0008437500000013642
-0.0019312990205549996,-0.012807430308315689,-0.0709433987203708,0.011658022826901288,0.0045444597833940725,-0.06981796214002856,-0.01203976314998606,0.0060969113230904814,-0.07357541761114916
-0.007670811240451103,-0.01903228832007316,-0.11281064007102141,0.018886853022804764,0.0034486915600083646,-0.10897306753572256,-0.012460502700034008,0.015744405757840543,-0.11339715003102491
-0.021118032919242264,-0.018085893219808327,-0.1216760774337158,0.02520887631279542,-0.008430585707935272,-0.11999168960665774,-0.005331149823246355,0.026708860673029043,-0.12257942069968664
-0.011277709858817155,-0.01297111901971248,-0.1022923176688039,0.016658716393601045,-0.0025776345405969193,-0.10202608642930489,-0.0059971083486548855,0.016366199195635887,-0.1059019619954471
-0.0024968642380676642,0.010766730851532156,0.05168319891722277,-0.007210200725294574,-0.008056552914151305,0.05263201577392351,0.009084631003006272,-0.004319526649636252,0.0508457164838827
-0.0025541649401667537,0.010372780943504857,0.05331449325566503,-0.00824980412140556,-0.0067740370376625746,0.05317291680220215,0.010315660712192457,-0.003652181241952595,0.0548347762071133
-0.004269867646917803,0.011470430818796692,0.06428624907970876,-0.007558938237934536,-0.009675109439069574,0.06628880749062205,0.012330710117427477,-0.002200283007938334,0.06722780055288997
-0.010092598562917355,0.01264445850943378,0.09216179046843517,-0.006004007735671265,-0.015074019147186868,0.09261230344490556,0.016419629904916896,0.0024087734856766204,0.09395236555280184
-0.0021876364343226262,0.00012993740449593577,0.00044999999999986094,0.00033221525679374975,-0.00016941439671264158,0.0006500000000464468,0.0016707770111694387,0.0012071109372624456,0.004324999999827384
-0.0006944612499966881,-3.055554939355069e-05,-0.00018750000000023872,0.0006665086212233175,-0.0008985388488474349,0.0002000000000279556,0.0006630187758276272,0.00010399928531320175,0.003062499999906265
-0.0008935622720244016,0.00015669431317808741,0.0004333333333328363,0.0005620998648570416,-0.0006044852941077579,-0.0011666666666224994,0.0002484511637971095,-3.8585324489098e-05,0.0016416666666074775
-0.00019743227692188632,-4.119730243666146e-05,-8.125000000008516e-05,0.00031243474705499566,-0.00012538068166157465,-0.000899999999970369,0.0005023666365473233,0.00032108749956510625,0.0012312499999556081
-0.002602815730848307,-0.01433147549534012,-0.07564849712253173,0.012810490938684055,0.006236745210948247,-0.07653080364358189,-0.01290583154260963,0.007293730513287244,-0.07927369103546411
-0.007734137901171945,-0.019800083192426966,-0.11733210454629406,0.01996648702628892,0.002583131127229891,-0.11336057406974298,-0.013439794497414738,0.01673455020198864,-0.11865725624620183
-0.022222097753434134,-0.017655860641688146,-0.12831579711704913,0.025739768318790792,-0.009491805643001085,-0.12481321845310885,-0.004213928603075322,0.028172831741938634,-0.1309408135647653
-0.012770498375789547,-0.012947327621245858,-0.11082772360648097,0.017566639950195057,-0.0035636783973612344,-0.10780769908711463,-0.005014014379741372,0.018025988143658366,-0.11360969218026096
-0.0026617066213180385,0.009785328497542795,0.04906972872593166,-0.00826644081935654,-0.006114033976989397,0.050561541030624824,0.009556454817271492,-0.0038298726275365347,0.05146143534169312
-0.002513689651484352,0.010191324062096774,0.053302914436529035,-0.00823236633509651,-0.006591475337393139,0.05312256464313769,0.010456578123581924,-0.00269013442454829,0.05542873499229106
-0.004499210926372669,0.010949705418021618,0.06414296859930314,-0.007867872877531854,-0.009202377319129136,0.06534361693274111,0.011907793841024774,-0.001911871431914006,0.06447038010382045
-0.009589377326032898,0.01262693473674498,0.0910772577197337,-0.005993353190833495,-0.014866297082992282,0.09259843404940682,0.015855961782370503,0.002579563505046348,0.09314667629836682
-2.424430017855528e-06,-0.0005573367191352101,-0.0026500000000000785,0.00019416551538462,-0.001333606132143672,0.0010249999999878412,0.0004093430686497035,-0.00023423768651803512,0.0019749999998985857
-0.0012515875845658326,-0.00029399428467335765,-0.00121249999999984,-0.00046967257567864795,0.0003693346011647404,0.00028750000002908394,0.00011131132632599992,-0.0007016089307988595,0.002637499999957882
-0.00044928929861441446,-0.00031962578795494443,-0.001099999999999838,-0.00021280303838918817,-2.097818085316267e-05,0.0009416666666872686,-0.00012033046014167262,-0.0006506574999957739,0.0004583333333011789
-6.600749809311013e-05,-7.649958575320332e-05,-0.0004437500000000828,-0.00018316353212798867,-0.00026137540525360487,0.0013812500000209837,4.1784943985142365e-05,5.184733237476766e-05,0.0002249999999426322
-0.0010335020389495853,-0.012901105897556844,-0.07138680605284727,0.012321952801677,0.0031722656849350606,-0.07021997872449504,-0.011624469262828258,0.006573738064841184,-0.07185622987053719
-0.0074833341956644555,-0.018297622734237892,-0.11103905215316376,0.019275704858530654,0.001952658055674276,-0.10714161615537066,-0.013729560172949054,0.015272701855798605,-0.11555891651116035
-0.020034998239159114,-0.01780265063744191,-0.16352263834339206,0.02525711866204399,-0.008560943692717935,-0.16066356303265175,-0.004588815035545812,0.026595410395636537,-0.12621768566726624
-0.01791809064555428,-0.01195759605087919,-0.10743655168839032,0.01742754318978286,-0.0036666721343853693,-0.1054265364617002,-0.005728453263671645,0.016670084535564372,-0.1076160812809146
-0.00022223635135626418,0.010178318442934781,0.050346630012947605,-0.00859953744495115,-0.00637270991889205,0.05333125108597514,0.008775410491070751,-0.007172064868415928,0.05474044058946248
-0.00130951295760721,0.010359301207682158,0.05336175966236767,-0.007500904432477775,-0.007864453739628605,0.05516619231391573,0.010343225980530434,-0.0035788161691147685,0.056661311589678576
-0.003990861472981587,0.011092363247899263,0.06513711579555093,-0.008138306962956834,-0.009240769324906004,0.06596802236149557,0.012002060025358146,-0.0028353364793073537,0.0666536290506355
-0.009422426376310147,0.012845455442823436,0.0925494785266654,-0.0056565061593038795,-0.015376017914739219,0.09476920185160775,0.01600823529113274,0.0019140076677339277,0.09379548278395378
-3.3180438258062495e-07,0.00020109338501501993,0.001774999999999831,0.0004245286370670176,-0.00047674285871823763,0.0007500000000604246,-0.0005991551785232418,-0.0003747701987355523,0.0002250000000536545
0.001110984236206579,8.458320645832454e-05,0.00036249999999982406,-5.254743446697013e-05,0.0004501234858887858,-0.001437499999967784,0.0004626630311643787,0.0008555225344017733,-0.00042499999999279225
0.0007142290736914367,-4.5312452799484765e-05,-0.0006083333333329708,-6.319411134361344e-05,6.659827901457836e-05,0.0003500000000341193,8.447575855496936e-05,-4.846846180358736e-05,0.0005916666666531493
0.0004605150861860647,-1.727631092332266e-05,0.0001749999999999383,-0.0002428688186592733,0.00031546403174796895,0.00038750000002085727,-2.273863996727968e-05,-0.0001387000425871681,-0.00010624999999819806
-0.0015281935680858116,-0.01363170779799432,-0.07592525612987393,0.012692311078060792,0.006217174449020535,-0.07513321858132471,-0.009562972250232865,0.010114404695775459,-0.07419495593516956
-0.006949173829577197,-0.019650205958020805,-0.11621868973371137,0.019847433151679954,0.003253964233130969,-0.11260995679771568,-0.012722233789972455,0.016181148800156753,-0.11431501206820016
-0.021189489841344524,-0.017672733802085512,-0.1259446700945806,0.026131561909927985,-0.009430491166471338,-0.12472758551613412,-0.004921540336737648,0.02750633968846095,-0.12391931560878551
-0.011865319799516704,-0.013442300125314883,-0.10885980223020786,0.01695879007763456,-0.0036471819466645035,-0.10556932945416653,-0.005152485933290908,0.01685972572536824,-0.10670186567380835
-0.002726151739435023,0.010201646858919557,0.05085845860718243,-0.008711532474409839,-0.0060830077171641905,0.052383768025698885,0.008915162958766237,-0.0035686733751497113,0.05040121389949803
-0.0025686012610801365,0.010354918645455168,0.05480332568361053,-0.007653334195653616,-0.00722039114220727,0.05512895660961803,0.009857936816304777,-0.004389252777662704,0.05526326629388123
-0.004553989842854901,0.011189756711092153,0.06452437401182025,-0.008044597372704585,-0.00922660690805365,0.06656254944008566,0.01204054057149003,-0.0025299638792592688,0.06643079705545378
-0.009736585220813285,0.012924001846458205,0.09160403458832425,-0.006145523945386144,-0.014871102003654029,0.09286305590419097,0.01599749509152763,0.0019721215869721543,0.09269751735579423
-0.0028125027562442284,1.8374999724393097e-05,-2.4999999999860637e-05,0.0011949893905204012,-0.00039901909678480285,-0.002924999999986966,-0.00039780487177953905,-0.001572761032152259,0.00039999999996709334
-0.0008335225213096376,-0.00010226365555696983,-0.0012000000000003427,0.0006168968456050762,-0.0009269412835478787,-0.0010124999999749917,0.00024240072182978178,-0.00013830662210871184,0.0017374999999653085
-0.0007171351016355132,-0.0003165900463483603,-0.001066666666666815,0.00013346263298685823,0.00017882736707513263,-0.00044999999998888523,0.00013749224808282508,-0.0007926474075516308,0.0018666666666315261
-0.00026438080220245625,-0.00017983656138178354,-0.0007750000000000862,0.00015283237366740736,8.690808554975691e-05,-0.0006125000000078984,0.0004347201612561016,-9.103505359776028e-05,0.0018374999999792863
-0.0008894887806656926,-0.013709995507087801,-0.0751984479864501,0.012630419106547663,0.006818143160905454,-0.07604933694516092,-0.011583182346779075,0.008612101141072803,-0.0769306410607129
-0.007773013758689674,-0.01941525028380889,-0.1166382711004628,0.020644085541553562,0.003768869110218651,-0.11724403561479413,-0.012201754855676686,0.01679091515161916,-0.11726274528465197
-0.021527088739545206,-0.01700003381588496,-0.1287670364655059,0.02628689927634296,-0.009843733803484698,-0.12879111787321706,-0.004571003607674516,0.027825249087182476,-0.1277769727055104
-0.012949780432390123,-0.013288711541978448,-0.11303505748590884,0.017460577805894145,-0.004463455096385157,-0.11132608487193496,-0.005287262276289886,0.017378646912183,-0.10983967095306024
-0.000830565267818939,0.010257057715687886,0.05252675970995655,-0.008144102777520729,-0.006789849429401917,0.05335941747288686,0.008491197381565313,-0.004429377644811494,0.04905529872210046
-0.0032665420122578327,0.0102548972354662,0.05438904554069422,-0.007751617115450076,-0.00814131804596157,0.056527974223818944,0.010118381030142941,-0.003775735464512437,0.0552335336965637
-0.0044177971089746715,0.011477421340737945,0.06517876329835433,-0.007287977109381172,-0.009852674789849667,0.06541188696201534,0.012178488938616434,-0.0022490639062689682,0.06616751861591534
-0.0103267741707741,0.012788887156931696,0.09394307190743827,-0.005762281050218716,-0.015083278204398693,0.09243007227404121,0.015852698158707473,0.0025993900158259808,0.09276070296054262
-0.00218751969999903,-4.924999474670039e-05,-0.00122500000000008,-0.0005230403974897102,-0.0003052992379945496,0.002200000000041058,-0.0009843264357177473,-0.0005109217376536579,-0.0018750000000622435
-1.4506654211210446e-07,-9.066651192896936e-05,-8.749999999981863e-05,-0.00039432258261880754,-0.0003939755462176484,0.0024000000000246047,-0.00039796214608885566,-0.0005720407426943216,-0.00029999999999752447
-0.0002682246844612094,-0.00011485635876723029,-0.0003166666666663415,-0.00026152872745111814,-0.0005718782485005157,0.001891666666657225,-0.0005997691185991028,-0.0003718682221757038,-0.0012583333333241835
-0.00013165576045441534,-4.518412347141447e-05,-0.0006312499999995428,-2.9476803629547914e-05,-0.0005528505589114692,0.0012062499999965226,-0.00031192134958353036,-0.00012186020276048672,-0.0007812500000037303
-0.0025676152565490273,-0.012668672720466664,-0.06943751068576728,0.01270498855297092,0.00459157110720837,-0.07331853022702894,-0.01185296721707349,0.007581441659472443,-0.07463143985271259
-0.007484020971162038,-0.018197180856290535,-0.10997350092320572,0.02021879481684553,0.0033518485773413134,-0.11369667344691692,-0.012798031369728395,0.015861838424604164,-0.11393739012111048
-0.02026052051135933,-0.017976668309049905,-0.11943497718535137,0.026300543910510066,-0.009591993850061042,-0.12528661306761743,-0.0041512057742318365,0.02695614484886552,-0.12670691042133697
-0.01102359118712063,-0.013306182798259953,-0.10288262562226128,0.017663239866906124,-0.0038463039645366213,-0.10880186833587824,-0.0055567061396958215,0.017279017388991635,-0.10911827042703326
-0.0006171667272444892,0.01063108150021345,0.05439247401283911,-0.008819748082988105,-0.006167404526004339,0.05242720258946676,0.009536513029269333,-0.0061279454091414665,0.05519871631207707
-0.0009566512922110082,0.010598263209275954,0.05399496025539703,-0.008545430697681457,-0.006315542964698458,0.05438999123659194,0.010263089953747707,-0.003731378137731648,0.05604193517394496
-0.0032487598179083343,0.011168081099622968,0.06322029879824861,-0.0076651488101694976,-0.009428304165997761,0.0661671978335517,0.01215441993049637,-0.0022145422881036936,0.06748106917407644
-0.009394027728067206,0.012633469328964798,0.09218496831909403,-0.0063853512144111885,-0.01467603651757425,0.09154893372980144,0.015980891188498526,0.0025056414228145844,0.0941509166188792
0.0012499798000067952,-5.0499994613440076e-05,0.0013749999999994877,-0.0004966250928481464,7.268510243685355e-05,0.0001000000000139778,-0.00045128771916647104,0.0002630844553597189,-0.0026000000000081513
0.0005537643676729104,0.00031702103094137637,0.0009124999999997737,0.0001405336517404068,0.00055895011743153,-0.0015125000000004718,-0.0003751449393629702,-0.00010261218678457122,-0.0014875000000191818
0.0005349434625803332,0.0001675690647071374,0.00032499999999997055,-0.000150307590668562,0.0005312307686007005,-0.00027499999998662855,-0.00018542335195445174,-0.00020212716825880012,-0.00035000000000451337
0.0004602145012022607,9.170981953497917e-05,0.0006687499999997308,0.00012326756662993596,-0.00015676889199216739,-0.00014374999997013305,-0.00012182490177028555,-8.141533281319209e-05,-4.375000000056417e-05
0.0006859518055443714,-0.01375473546865957,-0.07242289523881902,0.011365425579678429,0.007414168377524455,-0.07315309313535856,-0.012456647765834994,0.006905815326342657,-0.07771813991093168
-0.00656399889592232,-0.01883067500223064,-0.11146866682823917,0.019426490967244726,0.0026660761616664136,-0.11059342209942535,-0.013785413784871291,0.016349611692471747,-0.11985794406599304
-0.020455606146843854,-0.017896922421965618,-0.12301779377101034,0.025723590671767518,-0.008969174368539985,-0.12360625431086329,-0.003743495842100018,0.027409528034338045,-0.13121231321993795
-0.01157343126119955,-0.01308457722723042,-0.10624485416134077,0.016955370117786167,-0.003384068782704229,-0.10529698824873202,-0.004972289295566321,0.018092086405646416,-0.11515116837566008
-0.0023966997293595194,0.010048492564937913,0.05107216690185186,-0.009028553895038677,-0.00590492915204105,0.05332174424141911,0.00930470316232862,-0.004375517708314625,0.052919123158146064
-0.0025845628343376978,0.00994026484848219,0.05280222069450711,-0.008345248396742099,-0.007332984156384799,0.05657581379301391,0.009343509001823335,-0.004013409638746006,0.05211464268057853
-0.0038647490492058462,0.011379802516718343,0.0645939010805551,-0.007506860219995811,-0.009731949276012881,0.06582828259613649,0.011250474861247226,-0.0023453986484127188,0.0633959609068165
-0.009737318776419894,0.012432775165909423,0.09094644813350448,-0.00570728369494061,-0.01509748439876106,0.09241292598143325,0.015474231587189328,0.0019590222224492347,0.09148676064897332
0.0006240887522254712,-0.00033749835975239567,-0.0014000000000000783,0.0006795185274986737,0.0007448423161859896,-0.0042749999999536215,0.0003124999999985778,0.0005412658773615298,-0.001100000000064938
-0.00027850311066285945,-0.00019872045724236959,-0.0007124999999999649,0.00045944197996854944,0.00010076870383802906,-0.001437499999967784,-0.00011229040379016435,-9.549273802564627e-05,-0.0010250000000322501
0.0004450351392860335,-0.00022474424045085695,-0.0009749999999997828,0.0002117390703822362,0.00022260671049941942,-0.0016083333332990908,-0.00027630770523276845,-0.00025245547979692507,-0.0009500000000291683
0.00019605394250452485,-0.00018644776927820503,-0.001062499999999648,0.0005652880043716989,-0.00021195642255953268,-0.0021874999999837996,-0.00020701667613695483,-0.0004880365881128992,0.0005437499999816353
-0.00047902866312510284,-0.013397245295567342,-0.07054913911821167,0.01227896159886055,0.006048570461651692,-0.07669336702393892,-0.010504477410893526,0.009282334467029807,-0.07414034224257904
-0.007483305784058055,-0.018457809142784876,-0.11079445312331264,0.020761947036139733,0.0034101530254657428,-0.11896549518519706,-0.012877389184205569,0.016213628005653142,-0.11384893887353975
-0.020283507029562588,-0.01744506806290649,-0.16314068186804864,0.02556587424014583,-0.01031020220494176,-0.13062260793996008,-0.004308108429290834,0.027125175002285968,-0.12575464764503033
-0.012184739568259398,-0.012913357615869389,-0.1073245401073196,0.017616728430590284,-0.004723596509804242,-0.11338642485455575,-0.005444054155856616,0.01701345949099608,-0.10690532989512391
0.00017522201161551676,0.0097315816194762,0.050170487256767725,-0.008529159711008483,-0.005107470650848878,0.05056047607219227,0.010506130674631242,-0.0031816988224422915,0.05315283290232564
-0.0018553545227333818,0.010281360846424926,0.05398105473079233,-0.007996168866208908,-0.006709028941349122,0.05423470229324323,0.010226207764090408,-0.003499979278472528,0.055780854528375556
-0.003219069761409684,0.01133656122942295,0.06315291694965848,-0.008232271832678273,-0.00929770764132488,0.06619083541341553,0.012635515809995865,-0.0022320207564965494,0.06873601803583836
-0.00941837977314137,0.012672150242800932,0.09104649881250956,-0.005950295357935658,-0.01489843665679226,0.0923203888617774,0.016703416665935552,0.00272346467583854,0.09636429591682316
-0.0009377059686233036,0.0001584373214937715,-0.0001000000000001046,-0.0013978588290983196,0.0013554250469852147,0.0011750000001420347,0.0013275139351710818,0.001400517066402207,0.0018249999999220279
0.000133952592086385,-0.0005223439009599806,-0.002212500000000936,-0.0005896713376057905,0.0006209829690863157,0.0005750000000581679,7.369088794266047e-05,-0.0003620798236329363,0.0012749999999339678
8.844983200425752e-05,-0.0001723455115913508,-0.00043333333333465024,-0.00023117859795719818,0.00017541456565668096,0.0003500000000341193,0.0005295707391455336,1.0198108159529897e-05,0.0024749999999684746
0.00013069369413891345,0.00015262815595260668,0.001006249999998284,-0.0002480438507054378,0.0001598660717007737,0.0006062500000236781,0.00019869403696993806,-0.0002627085209883669,0.001043749999984911
-0.0017310814001969543,-0.013340545039885021,-0.07379124257652661,0.011079821501072673,0.006314262712157903,-0.07183537922856864,-0.00952736641108426,0.01007147937170938,-0.07374765606531497
-0.00838823107226124,-0.018322113421761446,-0.11189301600257343,0.01962419739370026,0.003933409543318185,-0.11289349704288743,-0.012864729432238153,0.016523004213894434,-0.11446751446682057
-0.021314600367402698,-0.01767660452465614,-0.12394289142351568,0.025252886730109638,-0.00885629217412571,-0.12393797917569227,-0.004015829269084027,0.02721608703802886,-0.12643136499634147
-0.011806524488047738,-0.013191035201116563,-0.10544171366936868,0.0170634819746854,-0.0033817522868326436,-0.1064772560216587,-0.004844720855829169,0.017345777870632243,-0.10955571838335842
-0.00039350273822735815,0.011377975017886403,0.05440683814084082,-0.009548826017662104,-0.0059779154281958125,0.05762121241037477,0.010336091625682414,-0.0027816856830870096,0.05169746854263302
-0.002163964695134974,0.010832396851651322,0.05485490664476318,-0.008715009863334103,-0.0070287161443120345,0.056561258248377655,0.010056885800505276,-0.004027112301485052,0.05516681685104885
-0.004303185490744932,0.011446909720144902,0.06433326377544366,-0.007629162124019635,-0.009190531099427524,0.06460543367478404,0.012394552796365749,-0.0022570961378214666,0.06714015166219649
-0.009892013809963787,0.01262573261936153,0.09155227037467559,-0.006527778710518906,-0.0145280064871609,0.09138401050012845,0.01609485986780948,0.002617590249577365,0.09410644989979455
-0.0009380662553751251,0.0002633741883667958,0.0008500000000002423,-0.0005484415247850039,0.00040436776714558587,0.0009000000000369823,-0.0001424633020337407,-0.0009989993130371522,0.0015499999999057934
0.0002772412211656435,-0.00017308222444831691,-0.0013875000000004231,0.0004283957862292557,-0.0007149199352919479,0.0003874999999986528,0.0002551518116125948,0.0008156829356644993,-0.0012250000001046146
0.00044351062969802006,-0.00032601830371412055,-0.0013416666666666716,-4.3360635593974504e-05,-0.0001284675023344966,0.0006333333333330415,-3.343421333342121e-05,0.0006419538305479129,-0.001625000000071708
-1.0473670176761186e-07,-5.236828140374858e-05,-0.0003500000000003122,-0.0001519627364623235,-0.00016572119375902225,0.001281250000007006,-0.00012038955636780999,0.0002234990418336606,-0.0014500000000472468
0.0005614599250108876,-0.014341979580336724,-0.07677723620450662,0.013020128325089142,0.004698846951353697,-0.07434140954756252,-0.01036451926859916,0.00795261315303386,-0.07060159640417396
-0.007126604551414377,-0.019288311367937818,-0.11437433771479573,0.020320074870895922,0.002797162863958801,-0.11302862873885378,-0.013247813499021413,0.014554274250084018,-0.10952901002490023
-0.020962097804177692,-0.017370962618570972,-0.12558359563411206,0.025751442387874173,-0.009864807689833967,-0.12538564805746333,-0.005001470960233623,0.025833928464639746,-0.1214874040959953
-0.011939398298551134,-0.012848846197037484,-0.10807855192959695,0.017497124587299906,-0.0035140731122835544,-0.10646767979467231,-0.005942965672442603,0.015787282790610917,-0.10227885819247273
-0.00017506945638318117,0.009968378549912222,0.05191674421513236,-0.008759335935047685,-0.005693718061777764,0.05076145149578437,0.008691061919727933,-0.006157112747588733,0.05377365063368167
-0.001745697194987455,0.01077293668438101,0.05559675856201089,-0.007645702112843742,-0.007596803748600229,0.05493837541976632,0.010120013394596426,-0.004284140808682076,0.05635867155671104
-0.0037558450333826814,0.011743844932831465,0.06642226023873428,-0.008222912472427171,-0.009473120391253436,0.06609448722464013,0.012503561371841266,-0.002167054115211659,0.06867936356494593
-0.00995120558708537,0.012928797625705644,0.09446727459536172,-0.005766566936569944,-0.01500670343712646,0.09235808360312792,0.01648386997088314,0.002695370884201932,0.09673215357991483
-0.002814806165145345,-0.0005301495621042029,-0.003599999999999519,-0.00026325613072461507,0.0009300344121637716,-0.0018499999999477268,-9.800769168108459e-05,0.0004182434405405888,0.0002250000000536545
-0.0009725244251394353,0.00012859674877088395,0.0011000000000013193,0.0006801028562572783,-9.459762497098111e-05,-0.0017750000000038568,-0.0004225849133106098,-0.0003969405503672579,5.000000005139782e-05
-0.0006267983858709065,0.0002515182133500031,0.0014333333333338722,0.00043130255969866686,0.0002411955308316362,-0.0018249999999812398,-0.00023726807965684143,-0.00037849608765040877,-9.999999998437185e-05
-6.873420099020706e-05,0.000280439912921685,0.001231250000000387,0.0002630039580659467,0.0002228382016280038,-0.0018812500000020549,-0.00019274148809799688,-0.000344522260354921,-4.374999997835971e-05
-0.002914950139848438,-0.012833210903287783,-0.07057739640258576,0.013746881672653533,0.0042774880953319605,-0.07736592186842195,-0.010940937812932428,0.007556214276054074,-0.0711969282704672
-0.00722779682874967,-0.018379592070816277,-0.10996471696304189,0.020836066721884153,0.0025709034479872964,-0.11572339815031363,-0.011958750115324978,0.015951782328603295,-0.10976980030008576
-0.02018624686832604,-0.017727175765798252,-0.16231472132892039,0.02567794891706409,-0.010147455559689211,-0.12658185154734344,-0.005354041773284309,0.026848073293545712,-0.11936877645180033
-0.011824125834918884,-0.013208439214528996,-0.10598703942074157,0.01782877341704749,-0.003988871963983565,-0.10875957967603211,-0.005716073796457888,0.016692909742028167,-0.1048205614860187
-0.0007483586629344896,0.009642862239947448,0.04961559916656795,-0.007103973396361402,-0.007962933052933774,0.053471514382241736,0.008945297391239893,-0.0059035825706599265,0.05450303184022509
-0.0025235495456478307,0.010162349094356241,0.05339085002491687,-0.007506378547885655,-0.008295894650325257,0.056779113636906686,0.009954295154461347,-0.0038101552285914795,0.05493359079224991
-0.0038475404798228785,0.01149985505253827,0.0646180735224947,-0.008088513576544729,-0.009768236616620423,0.06744320972774294,0.011618997434439242,-0.0021776231090306747,0.0652203134512123
-0.009816085486914542,0.012454177980268466,0.09201562250926827,-0.005901649884628975,-0.015373066576012165,0.09376738875379598,0.01569782561521139,0.001972126696956228,0.09276429721441493
0.0009353672432016458,-0.000520181670451682,-0.0005250000000001423,0.0002973675157225131,-0.0016354776819008099,0.0023250000000807347,0.0006685053017679854,0.000337265926346475,0.0003000000000419334
0.00027502837824131297,-0.00039276494716291183,-0.0010375000000003693,-0.0003518253238234588,0.00011638555542462885,0.0011375000000590774,0.0005168135815491408,0.0006641480604271018,0.001362500000023914
-0.00026831305517275146,-0.00012664176295145596,-0.0002666666666670661,-0.0003613969759623327,-0.00010986653584914892,0.001625000000042102,0.0005548974517189228,0.0005061233950930706,0.0008500000000151905
-0.0002634829052132397,9.155186238604167e-05,0.000287499999999456,-8.075647967740068e-05,-0.00027643707972702103,0.000918750000034052,0.0002787982456024138,0.0004467874750811948,-0.0002812499999782503
-0.0029002181606702093,-0.012731103047448532,-0.0697021606847182,0.014958768128861544,0.003017335266877752,-0.08091864393104942,-0.012199633622179962,0.006677661900461596,-0.07547728182162317
-0.006886594257851961,-0.01835963867449049,-0.10831453966718865,0.02145614975953357,0.0018776114475797339,-0.11923946820553422,-0.013361417298706706,0.015496320230106966,-0.11463391863659744
-0.02003844694850301,-0.017644268376981836,-0.16229106239066743,0.026525997818513385,-0.010688763648418078,-0.12936491298573363,-0.004576928968939654,0.02660911595154894,-0.12671159091037035
-0.011863449347848883,-0.013087396800899447,-0.10672730801195103,0.017425110535936105,-0.004574780720517719,-0.10911543475755625,-0.005322114572103853,0.016911549022119096,-0.1093453637125874
-0.001071924638801347,0.009590524077049288,0.05033759702202249,-0.009450777959579826,-0.006667976364671535,0.05654579034066742,0.010514137614506258,-0.004170407350095884,0.056059588450008135
-0.000833424199554579,0.010691060620462857,0.053649204766965296,-0.008368418613905224,-0.007593460421825848,0.05672151783646662,0.009943687590524553,-0.00372052017121501,0.05436992504759264
-0.0035157570029559215,0.011389817276653353,0.06441731554514786,-0.007641084410459472,-0.010114637427990902,0.06753111343102229,0.01199840945820102,-0.002579562282199545,0.0656111521337414
-0.00950682008849688,0.012986403420892892,0.09247280707846454,-0.005992185442142622,-0.015528254178622978,0.0948297665677611,0.016089341971341337,0.0022071323457524624,0.09309654257320665
-2.0099991115962723e-08,-5.024999463998977e-05,-0.0016999999999996961,-0.001451834067873331,0.00023252224371633767,0.002825000000061806,-0.0005620995485698665,-0.0007578975809302557,-2.500000002569891e-05
-0.0006945669443511912,8.166654416685279e-05,2.5000000000419913e-05,-0.00035926617320300756,-0.0008605234451891035,0.003375000000005457,-0.00019716081011638624,-0.00020682600299699102,-2.500000002569891e-05
8.725673447277213e-05,-0.00027052556931032726,-0.0010249999999990594,-0.00016641979337154802,-0.0005137544014080112,0.0018000000000147527,9.760440035565056e-05,-5.594273117169392e-05,0.00020833333334024928
-0.0002651880433769463,-0.00022938933778721406,-0.0013999999999988852,-0.0003345809905585207,-4.5458002559541443e-05,0.001650000000008589,-0.00015527720505956628,-0.00013806695321822758,-0.00011875000001104752
-0.00039478541411647194,-0.014387662118677478,-0.07737667451153336,0.012079827602786558,0.005346026477351384,-0.07323215777779168,-0.0104291183197526,0.008788652358919513,-0.0726216395023016
-0.00736233414097873,-0.019646563029969796,-0.11580598869465161,0.020442211385538943,0.00357300352476744,-0.11542571010707547,-0.013109591302720096,0.01602325404628328,-0.11396050930798651
-0.021315240776130357,-0.01724600042681104,-0.12625826789114464,0.025593820232430002,-0.00939550655339183,-0.12481720909002236,-0.004249730785240673,0.027464516482503826,-0.12714795324599848
-0.012054947489907361,-0.013045563521449179,-0.10830553482360558,0.016897295377968843,-0.0037477559829150082,-0.10631908610678475,-0.005213009372526404,0.01735205643783393,-0.10895417150493802
-0.001166780942390977,0.010375793879877061,0.051407197579236286,-0.010406676188363245,-0.004247809637682176,0.05438729139273235,0.010203395039952434,-0.004396392426407603,0.053383474651447216
-0.00246416734608284,0.01049411877681624,0.05488255396558339,-0.00911024587773991,-0.006629462642592726,0.05729373189140574,0.010875714621777345,-0.00328990320499736,0.05757167877378233
-0.004869434619517562,0.011320995948171925,0.06650060996715242,-0.007927853296367924,-0.009779228647784672,0.06895115568609593,0.012572749766914483,-0.0024040805847209373,0.06811111481606069
-0.01044767613720366,0.012749990291927606,0.0938568810806581,-0.005756586411969458,-0.015076599212931231,0.0942649079971325,0.01667678504161259,0.0024747510043954843,0.09553685314627192
-0.000937963429092914,0.00023765564754187697,0.0008499999999999654,0.00013985106447553242,-0.0002801041485908651,0.0009750000000252612,4.225881313629776e-05,0.0006981918072579418,-0.0012000000001677336
-0.0004194746181425864,0.0003899865217398517,0.002012500000000573,0.00026765801490931845,-0.0008083450003588184,0.0003750000000302123,4.3022991411740324e-05,-0.00018486996709711335,0.0010249999998990234
-9.074921050733487e-05,0.00022689549264571642,0.0008833333333338351,-7.50157876848258e-05,0.00016287757976280698,-0.0004916666666391715,0.00022661870419204183,-0.0004347358936491424,0.001366666666591243
0.0004605260460535811,-2.697368402900775e-06,-0.0001937499999990868,0.00010780237169897464,-0.00016566655562728392,0.00015625000002739142,0.0003948990034112403,0.00023011383363130396,0.0008062499999628159
-0.002881828520547025,-0.012676817279910286,-0.06916841196601473,0.013615894925503302,0.004229091251084505,-0.0755701254131047,-0.012364985142263724,0.007203917551518169,-0.07522490843241414
-0.006847090574653898,-0.018996537879984763,-0.11148131085094745,0.020698135273557336,0.0021358296962210093,-0.11633364448591088,-0.01206303709182541,0.015837567852461067,-0.11211174313485728
-0.02100533228857268,-0.017699030125587094,-0.12346401270842616,0.026440797404439696,-0.009950798299844521,-0.12673733085202996,-0.004838145517833958,0.02683817575298999,-0.12383816317781775
-0.011516968491274357,-0.012905158983449811,-0.104105541507349,0.017444485999258613,-0.004351422457024433,-0.10922293198139532,-0.0058701180847297845,0.016583103418775714,-0.10573136765621438
-0.0002625188004756751,0.010600516847826424,0.05147019573664606,-0.008583586458919129,-0.0059593931409501755,0.052318996519584715,0.008535893220588259,-0.004423164579263339,0.04820910746081708
-0.002044615633695685,0.010514047836702345,0.05488053758292929,-0.008004200663428503,-0.00739693348475148,0.056060798388646305,0.009544154097030879,-0.004053535484142372,0.052906865553792315
-0.004438316523610359,0.01143711159113923,0.06541771128592708,-0.00738816263525649,-0.009589053963156688,0.06515436964458961,0.011668971010034798,-0.0028437071874478797,0.06485430718295622
-0.010098138174483602,0.012900600314234675,0.0929556272989904,-0.00605257013066033,-0.014771064827905517,0.09122254996016821,0.015788126355048723,0.0019239366183926591,0.0918017446846775
-0.0009381868596725074,-0.0002922801739190512,-0.002550000000000088,0.0010462662655141841,-0.001921873815306785,0.0018499999999477268,-0.0006998068338565089,-0.0017603493022017025,0.0018249999999220279
-0.0001396740414562182,-0.0002093730371148431,-0.0008624999999999131,-0.00018844058718837776,-0.0002710165958103645,0.0009874999999492928,0.0003208191416199164,0.00013645697370513588,0.0015124999999560629
8.925635179370315e-05,-3.2624982382515774e-05,-0.0003666666666667329,-0.0001583327746214534,-0.0004044504654164362,0.0017166666666253623,2.2975073520257817e-05,-1.3241699752570518e-05,0.0004999999999810711
-3.100047887984546e-06,-0.00028703031088688,-0.0016124999999993922,-0.00028540145133242555,-1.5639501291972885e-05,0.0009749999999808523,0.00017890481510422115,4.940297373237207e-05,0.0005437499999816353
-0.0018877046559090394,-0.012372828993444376,-0.06844251322558634,0.012147280756318046,0.00702151136514062,-0.07528296517280708,-0.01020646651140808,0.009847618179584239,-0.07555870174540402
-0.005883519188938492,-0.018316810178711288,-0.10680569964879325,0.020176901966448415,0.002287008056597564,-0.11415461424582052,-0.012598524424193354,0.017105732241028897,-0.11774049308739265
-0.019375001031809606,-0.017955754409023677,-0.16004382868583342,0.025561798466729267,-0.009744710486597157,-0.12588933330774932,-0.0038056657844856567,0.02797879224667395,-0.13014342069158266
-0.017844093523631137,-0.012385440182227852,-0.1062038454014314,0.016964771256118845,-0.003864031814556459,-0.1063132438161224,-0.005046597936120716,0.018095582744839363,-0.1127438646949308
-0.0004315170912538857,0.009590806237889424,0.050669528623613645,-0.008784631817360111,-0.005720135267978099,0.05076786651327936,0.00866919434701005,-0.005801566272570224,0.05206430828272879
-0.0020027631632002496,0.010302471241807458,0.05439002033750197,-0.008369346531367228,-0.006960230217111106,0.05540392354812518,0.00995572358672271,-0.004370587085300581,0.05652178695996213
-0.003929289772614372,0.01125406599385971,0.06503571011642674,-0.008169907796849927,-0.00938791247147198,0.06616217330789691,0.012129150179413222,-0.0029023787977818954,0.06669119706674091
-0.00941780708767653,0.012858527091607518,0.0917470311652205,-0.005896639125149851,-0.01508836332469304,0.09293742008982253,0.016092843509802335,0.0018121401596837255,0.09355149315072309
0.0021874282812722745,-9.562496414063033e-05,-7.500000000010068e-05,0.00045739906059244495,-9.786691307356321e-05,-2.4999999936881068e-05,0.000302505515508561,0.00018645533249317392,0.00167499999994547
0.000277119836639756,-0.0001907068200663735,-0.0006125000000002731,0.00019390207747000462,-0.0003691815812007566,-0.0007624999999844562,0.0002647280456991647,-0.00031017575019554045,0.0014499999999806334
8.928253214524062e-05,1.0607142220641881e-05,0.0005999999999992796,-0.00018926214956955473,-0.0001108026378902695,0.0005416666666609634,-0.00019441820787407288,-0.00030013507720012226,0.00044166666667659155
0.00019709894828964645,-8.420995143977808e-05,-0.000762499999999888,0.00022691329717263847,-0.0004007622016028182,-0.0003750000000080078,9.154386134880901e-05,-0.00035391054616304283,0.0008187499999978698
0.0006003413480296094,-0.012652966521317647,-0.0696305178791391,0.014046646941535262,0.005345941834968004,-0.0797008977946323,-0.010397733714449103,0.007132366271596358,-0.07143089173728967
-0.006999104552136827,-0.018067597283768284,-0.11000335778407262,0.021777656821261177,0.0028987260234616644,-0.12058610926803937,-0.01303120796823962,0.014672757657949793,-0.11059456469593165
-0.019989347706543637,-0.018055467496438243,-0.16337661316319127,0.026310042004880598,-0.01132914849934318,-0.13363659346578757,-0.005016119499102626,0.02626883327251301,-0.12252243326672148
-0.017884304870008617,-0.012059904966295477,-0.10762645730039186,0.018317411837259802,-0.006005638039274275,-0.11859553894615489,-0.0057018221608968805,0.016196769211460797,-0.10429183481881488
-0.0007164749719970609,0.0114076956234128,0.05527902865876942,-0.006974569927840901,-0.008661754629872565,0.055030093267394165,0.009703633237358178,-0.003866269957839008,0.05177061482588563
-0.0024967849161166506,0.010907363226003114,0.056970200480162214,-0.008528708882683965,-0.007789332072127841,0.058124329221431736,0.010322563485115158,-0.0037498163958032344,0.057153432691947614
-0.004778794515162911,0.011180866294494005,0.06540501990223986,-0.007493508305881794,-0.010166539553225456,0.06688219589706297,0.01231004276250054,-0.0020244323563959965,0.06827048767334236
-0.010036173402122156,0.012732393219615449,0.09238492610961557,-0.005893981167356662,-0.015344133879086763,0.09342165686307968,0.016491866342587386,0.0025041340910785482,0.0958486125998137
0.0006249798000096396,-5.049999461335621e-05,0.00014999999999992068,-9.545383700820809e-05,0.001743414798797971,-0.00429999999997932,-0.0007812500000016487,-0.0013531646934142327,-0.0012000000000789157
-0.00041747778279427946,0.00021067847368674858,0.0013750000000003822,8.500642851664668e-05,0.000845879356124272,-0.0025749999999824524,-0.0003045451504806667,-0.000144157382238176,-0.001362500000068323
-0.0001786797097086401,6.18748736721004e-05,7.25808302348696e-16,0.00016438541946907557,0.00019611842123108087,-0.0009666666666537557,-0.00013286159910942872,7.748022237685781e-05,-0.0011416666666856183
-0.000329178288779144,7.697322236934239e-05,0.0007812500000001068,8.7185361707931e-06,0.00023226383054280277,-0.00034374999999808864,-0.0004628983643215798,-0.0001844494945683237,-0.0017500000000225668
-0.003162287856406376,-0.013979071000772081,-0.07652581751796808,0.012722423824804846,0.006218209438316191,-0.07650521775586228,-0.011837052693319111,0.007982425852620656,-0.07488457023745454
-0.008642092227617582,-0.018740663468342144,-0.11489290629131328,0.02072538746734634,0.0027237773610250876,-0.11633384940601399,-0.013406908382256518,0.016314546330569044,-0.11608681614871941
-0.021532261969269887,-0.017165097316145777,-0.12623035078829548,0.02598519134340879,-0.009603109300419799,-0.12551192901604966,-0.004122032015273621,0.027418359277067705,-0.1278060010579137
-0.01191284773416583,-0.013343316360073845,-0.10677498929001736,0.01734572967194266,-0.003717687242779801,-0.10762191911946883,-0.005305703446534979,0.01733271128635805,-0.10981500421480828
-0.002141615418060905,0.010492839919110096,0.052593558114498506,-0.008057734718493192,-0.004751596325042184,0.04961412016459832,0.009114120657741781,-0.006972452430864529,0.054901986573252515
-0.0028318907814480396,0.010265051043528706,0.05462342991491498,-0.008577590755249085,-0.0061800732723703445,0.05480801575301619,0.010315455072771842,-0.003737852243819296,0.055947539948419944
-0.004253457961799133,0.011386598260753373,0.06488272991211308,-0.007852627452940455,-0.009082171197273161,0.06602922723395466,0.012042225369424814,-0.0025081504737012317,0.06610549401924182
-0.009888460076527609,0.012624757289412142,0.09129729219942256,-0.006171224729169475,-0.014656342523721418,0.09215798419808241,0.016010617801592197,0.0023439849352806753,0.09459204704183599
0.0015622845251223039,-0.00016574981325508407,2.499999999987304e-05,0.0014405903177930335,-0.0009778382640338035,-0.0018249999999220279,-9.259393354485446e-05,-0.0010273707157087975,0.002899999999961267
0.000277750419451032,3.908332056610047e-05,-0.00037500000000020026,0.0009475922553369647,-0.0008992178111535657,-0.0010249999999434323,9.454053379814247e-05,-0.0005332334173688588,0.0010874999999632706
-3.86982523406917e-07,0.00011726700577994246,0.0006749999999994906,0.0005139395670923839,-0.0003244792933410861,-0.001799999999955541,0.0003226396541461396,2.225937885799326e-05,0.0008749999999520716
0.00019735141053081753,2.126314882240349e-05,0.0002624999999997644,0.0005026771480286168,-0.0003960183831215091,-0.0012937499999754465,0.0003169387535940707,0.00019822799395508603,0.0009437499999487287
0.0012804448902212218,-0.013892078089240428,-0.07455671691808963,0.011513633074156787,0.00453557002895455,-0.06783140979451652,-0.009605746365829587,0.009326220460674495,-0.07187585294801124
-0.006400111293325406,-0.01916066344296558,-0.11383072094799673,0.019739485899364244,0.0030652357070214287,-0.1105900556956474,-0.01182417711089518,0.015883828874919806,-0.11046658133904153
-0.0206551348828311,-0.01801372982005209,-0.12426523849699563,0.025484297525858957,-0.009649019477645158,-0.1240101013157376,-0.005090626661752505,0.026400475698936395,-0.12029454890978286
-0.011443924433515445,-0.013217103399502883,-0.10698942648399024,0.01742989610811443,-0.003981868913151349,-0.10800316006605026,-0.0018368001738058128,0.021710240960072125,-0.10549252032920897
5.727574665242985e-05,0.010452427322515109,0.050787114955417045,-0.009224744946068758,-0.006476446002441627,0.056773257586772985,0.008280543508435573,-0.006332446026484362,0.05086664642268701
-0.001985002901096674,0.010231497121547773,0.053554416270317075,-0.007742309269015115,-0.00838046358483946,0.0573486984054572,0.009827919363327811,-0.003252802997356764,0.05460090111575333
-0.0034951880701647848,0.011253595043091405,0.06387818501404639,-0.007324732339823725,-0.01001847600495225,0.06623060125618234,0.011507178123438381,-0.0021461017914130892,0.06422457802652086
-0.009580194710195597,0.012580073977653627,0.09159467824675853,-0.006055730268526629,-0.015315235194795227,0.09299850341979443,0.01595769755557819,0.0020022113266661788,0.09346719343063525
-0.0009379899993389174,-0.00024499934666713643,-0.0016499999999995732,0.00042053574652450854,-0.0008397642643417913,0.0002000000000279556,0.0007848187286475794,0.003163030064569361,-0.004925000000088886
-0.0002841013709842244,-0.0005882185691060041,-0.0032750000000005886,0.00025773519315985816,-0.0006532988404263208,0.0009750000000252612,-6.411033323661108e-05,0.0006817643346627525,-0.0015250000000577302
0.00025737210446384406,-0.0006148986725866797,-0.0031333333333330568,-0.00027791038263328245,-5.969623595051107e-05,0.0009333333333453689,0.00011748948599922735,0.0005517421848110533,-0.001075000000039239
-0.00027014262267787076,-0.00042327842836137894,-0.0019625000000000987,-0.00020268254533197338,-0.00019627248667120653,0.001462499999993483,9.10810930404863e-05,0.0004038850350215749,-0.0008937500000305576
-1.8245840283093173e-05,-0.012526862437340436,-0.06813999763099449,0.011674566665818148,0.005221794608205321,-0.06981131790970707,-0.01010698992011047,0.009755537153356697,-0.07423132650883346
-0.006510554911375804,-0.017878960776271352,-0.10798745048359018,0.019893479829454712,0.0037386270774702407,-0.11329416921079805,-0.012609320675376531,0.01616118805526491,-0.11349391579607016
-0.019654029002273945,-0.017726751255596456,-0.11999923579852713,0.02566056956355135,-0.009270074073630872,-0.12457123044340805,-0.004289613686500009,0.027171835948127877,-0.1254162381284137
-0.017324311942712556,-0.012668998309561065,-0.10364309566388415,0.01705180989712745,-0.0036365395843930923,-0.10615838451366044,-0.004973710750498882,0.016920188279995522,-0.10656792156176209
0.0010407959828429014,0.010253962079814837,0.05197340387410743,-0.008831743344390325,-0.006153510424919406,0.05208292038281215,0.008764964699276706,-0.004862281568575322,0.052150287293439845
-0.0010380627722560308,0.010482123063961603,0.053050384304082654,-0.007682994890797428,-0.00785653317140262,0.055886408745253746,0.010128996346849613,-0.003476241352400199,0.05388249200541928
-0.0035856270229062126,0.01093591746056539,0.062276634696105414,-0.007992203113029688,-0.009560528672625246,0.06586006184757427,0.012173351367114157,-0.002298193328709968,0.06592745507290054
-0.009081068852276915,0.012297318732791858,0.08879261559464094,-0.0063512589916806415,-0.015050666517813761,0.09188883809572168,0.01590811481739437,0.002047518943952772,0.09183114207214627
0.0015618096887715094,0.00029374891851162893,0.0009500000000001937,-0.0010199974755098484,0.0001267322337419885,0.0030750000000523414,-0.00041325424119526,-0.000843902320836476,0.0018999999999103068
0.0011065437344347383,0.0005074725954441199,0.0023125000000006985,0.00022356704717600243,-0.0006732281956973236,0.0010000000000065512,0.000557119799762498,3.89662908421388e-06,0.0013499999999222467
0.000352645558036681,0.0003997430554018526,0.0021416666666668072,0.0001055897818793323,-0.00045513417669594346,0.0010249999999878412,0.00010541891458481263,-0.00026546921440075345,0.0008666666666101719
0.00045669913107714813,0.0003189167503555453,0.0017374999999998897,-8.843039253928662e-05,-0.00028102489146717894,0.0008999999999925734,0.00023915336503833653,0.0003936994654452075,9.374999996314415e-05
-0.003981018872598052,-0.01338773300421496,-0.0740879821165105,0.01222798430293437,0.00635178386379498,-0.07603229423045477,-0.011440332454766555,0.008500568988198398,-0.07787417631401894
-0.0077285990800233,-0.018421539169210868,-0.11044717059850426,0.019605557138286305,0.00308339346781329,-0.1135107384525158,-0.012443680807417486,0.01590864561362087,-0.11453714558391503
-0.020714429829647867,-0.017591078046880863,-0.12174577020357023,0.025515414554530658,-0.008793515210739147,-0.12355289281707298,-0.004439507532830178,0.026845109161269847,-0.12660530034673081
-0.011451194944424495,-0.012943063042185463,-0.1032498091363742,0.01683552361991314,-0.0034045496003863806,-0.10553870318959768,-0.005393383383565858,0.01703438893091801,-0.1086849400398382
-0.0014731583327654008,0.010183816679648112,0.05157194182358822,-0.007632844928624066,-0.007583565423630034,0.05114228920373165,0.009616304622175192,-0.0045050295692239395,0.05200928219522005
-0.00204292339496691,0.010428553564433396,0.05472270952057543,-0.007139637114574203,-0.008026842985475117,0.05509149463822638,0.010281611545651412,-0.0036155840500305837,0.05594314087771224
-0.004320256302687524,0.011058707138824533,0.064403971438212,-0.00733984002223635,-0.009735047470141709,0.0649590114755405,0.012253653481913037,-0.002421587095670165,0.0669318738068636
-0.009741582302524426,0.012792178078418417,0.0926887229409165,-0.006190331407632547,-0.01500877670003348,0.09132954754920153,0.015970421806533686,0.0025372148886549403,0.09424621004763822
0.00031154996333465634,-0.00034546700826429356,-0.002274999999999681,-0.0007035469813503059,0.0013979540586170347,0.0008250000001375213,-2.842572028802226e-05,0.0014651645219576626,-0.003424999999968037
-0.00014108283486222482,-0.00034824078537813176,-0.000999999999999703,-0.0003145679061400397,0.0004598476277385534,-0.0005374999999308017,-0.00043026152049232793,0.0004157917680929706,-0.0028374999999858375
0.00017855618839443136,2.3446421967269447e-05,0.0006583333333328472,4.156555171084898e-05,-7.910079021749323e-05,0.0001583333333776693,-0.0002872867625081892,0.0002737733175340556,-0.0020500000000052885
-0.00026344731602228873,-8.639409046693104e-05,-0.0005437499999997488,-0.00013738959457244629,0.0002245447061563342,-0.000312499999965965,-0.00021864712555920795,0.00012905034527549138,-0.0012125000000029473
-0.0041510481296400115,-0.012735008236591232,-0.07187726839959654,0.013394536756979047,0.005089772457542163,-0.07897805504288868,-0.010279603011194988,0.009055600593693702,-0.07430339504477246
-0.008244293872046912,-0.018009382529801724,-0.10982453784391466,0.021088287354946042,0.0037962714071471115,-0.11991795754338064,-0.01182322515678396,0.016786176401734385,-0.11410975692851544
-0.021189236475425137,-0.017712911553631114,-0.12328717246191905,0.02584657730709384,-0.010239945517939917,-0.12971629407992533,-0.004547928068775187,0.027165711097975394,-0.12327144712009168
-0.011731917442612034,-0.013372178184601258,-0.10506625646464662,0.017684260578526012,-0.0043248236414101865,-0.1116452055767242,-0.0053119979738276485,0.01678583588484733,-0.10522707302096368
-0.0009295331458228362,0.010793031445845697,0.053548518945027046,-0.007472720008901146,-0.006659862363929403,0.051115727546235945,0.00936479813720345,-0.005401455278615519,0.055152579793471546
-0.0028389337326332567,0.010255309188695941,0.0535517632638167,-0.008054899330503209,-0.007217724042132525,0.05504231890909317,0.010541537176556037,-0.0036248419177715213,0.05650499896607819
-0.00412538019731179,0.010910292998087346,0.06246659503225973,-0.00804636471175251,-0.009509725749952997,0.06676236372437454,0.011868310415665714,-0.0025391072017849625,0.06541425886485246
-0.00937733802280174,0.01249393512021921,0.08925144613634393,-0.005719457097196871,-0.01493080480087528,0.09223461450995618,0.01582597403745679,0.002055671423711296,0.09244410473164821
0.0018743829010015034,0.0002804990949208968,-0.0004999999999998643,-0.0011956386542326392,0.0029165257574084724,-0.0025749999998936346,-0.0006458818956507628,-0.0017911346108304138,0.0012750000000671946
0.0005554813486469751,6.452772088585268e-05,1.444157293750692e-16,-0.0004909701952894431,0.0008391631010968354,0.0005875000000710173,0.00035052816510505735,0.00011963917266753931,0.00105000000001354
0.00017853919643896963,-3.3928551014851406e-05,-0.00047499999999962064,-0.00014311303498223564,0.0002266647633733124,0.0002666666667335467,4.302311417542226e-05,-0.00043514322335283913,0.0013000000000040757
0.0003945948476200439,-6.17366243801778e-05,-0.0006187499999995986,-9.310315764250221e-05,2.1996918305850226e-05,-1.87499999526608e-05,7.987219876793908e-05,-0.0002721669586661821,0.0013562499999952848
-0.0033097342241536487,-0.013247260016491496,-0.07425543792958171,0.01260743146198201,0.005839367821496022,-0.07573970721295176,-0.011153175755694578,0.007817221281715414,-0.07489690820055017
-0.00774684892555006,-0.01946726579429982,-0.11487998518192014,0.020437221475105308,0.002429072558722699,-0.1167089774847696,-0.012525601054703807,0.015829811348461793,-0.11497392793144989
-0.021550797209399824,-0.017996900235425054,-0.12448427879780563,0.02579424874425869,-0.010303984049689154,-0.12973915741510597,-0.004326101815453819,0.026947247815043172,-0.12728493689024845
-0.012017565630340487,-0.013082829133762805,-0.10672908457079174,0.01740388756139179,-0.004500714952968291,-0.11103607592176379,-0.004980310039345993,0.016989312212345672,-0.10925010005333746
0.001235325224890893,0.010949910401025305,0.054372019897503766,-0.007821697627356794,-0.008161189693635384,0.05602848896382184,0.009678454461412023,-0.005514912645887549,0.0546325453993024
-0.0010631177439984147,0.010884807332947864,0.05509393439113488,-0.007874670900977055,-0.007649753179110134,0.05585558368168542,0.01008532123426291,-0.003148226914736115,0.05501038330912866
-0.0038039429755435234,0.011458428033692288,0.06530072254751064,-0.008073168765485028,-0.00952183716219912,0.06650226006191436,0.011683741759028263,-0.0020271015955867855,0.06547355072927807
-0.00975082730947009,0.012912240071106107,0.0933108680487282,-0.006115289520386717,-0.01540060585340151,0.09403844618656176,0.015547992506157288,0.0020562378213856715,0.09171801729673246
0.0018745464943001333,0.00023868692555909378,0.0013999999999997777,8.943985358583761e-05,-0.002122456465795952,0.0035250000000708326,-0.0014929777495988061,-0.0009359612324552624,-0.0029000000000500847
0.0009720301821626433,-0.00010380531870616808,0.00022499999999973913,0.00020349830402875845,-0.0003636360684233786,-0.00042499999999279225,-0.0004176500941955381,0.0002461403738638099,-0.0018375000000236952
0.0004464110714300481,-2.49999918333473e-05,-0.0004583333333332013,-3.037293054167619e-05,8.555388299786542e-05,-0.00018333333334415633,-0.00034897690394683885,0.00010250619196120312,-0.001316666666658269
0.0003289457236833078,6.578947094275107e-06,0.0002624999999998271,0.00011518093580736562,-9.856089368630524e-06,-0.0007874999999879506,-0.00016542639660157681,-5.583260098549948e-05,-0.0005124999999939206
-0.0006051174373522539,-0.012276556681860817,-0.06940048525483393,0.012679101049149766,0.005238969038569297,-0.07431488610620818,-0.01142024581930745,0.007617763702977287,-0.0731063231713236
-0.005473095818938869,-0.018159110068282348,-0.10687501754393942,0.0201527905165399,0.002654843985717815,-0.11365260774047758,-0.012534434772994615,0.016079578049721377,-0.11506171750901295
-0.019574371744058777,-0.017376621704676385,-0.1615903079091949,0.025808771771832266,-0.009808884757202065,-0.12607558654520087,-0.0044861924532537045,0.026953389525617932,-0.12624038748905164
-0.011525595520618182,-0.01328489766834623,-0.1068955727937416,0.017571510102628942,-0.004061105983307304,-0.1088987770012706,-0.005088057471027521,0.016744515329426342,-0.10720024657211447
0.0009892815105924657,0.010563665845749875,0.051944988204197004,-0.008672676812409436,-0.004836536754905529,0.05028723364342014,0.010124459604368696,-0.0037124863490681226,0.053704099450824216
-0.0013758605237242556,0.010577379138595522,0.05400315594402254,-0.008704171628054171,-0.0065360008556811545,0.055392033091949955,0.010629998677423591,-0.003843216858768884,0.057146903770677326
-0.0038143102477905533,0.011642037652119198,0.06568470414614143,-0.008076852379203645,-0.009316881595403115,0.06621503359337903,0.012424666175878226,-0.002204575618794391,0.06748450235547487
-0.009700189907091428,0.013019019173565939,0.0930179331485321,-0.005791322809023537,-0.014911773940341447,0.09310878036197234,0.016694289215939354,0.0025348577195064732,0.09546520911845047
-0.0018765082750935025,-0.0004309339806856488,-0.002449999999999739,0.00014531706060000316,-0.00027694653198517827,0.0010749999999504212,-0.00020468087787509082,-0.0009635153412693165,0.00119999999990128
-0.0011129019767901977,-0.00031145146831799633,-0.0014374999999999085,-5.6122005158883624e-05,-3.248816573480578e-05,0.0008124999999914451,0.00021571012636297424,3.6428545282148526e-05,0.0009374999999423039
-0.0005403260828306429,-0.0004027594388570036,-0.0014166666666661388,4.592507869133344e-05,-0.0002831148958663622,-2.4999999996092963e-05,-7.736181095234298e-05,-0.00026449430525726,0.00048333333329727185
-0.000199644408066816,-0.00024472273082301013,-0.0011999999999995682,0.00022717489138676514,5.302685740212578e-05,-0.0009750000000030568,-0.000153959001451893,-0.00029094112531146657,-0.00011250000002682725
0.0008360979450450223,-0.01299185213604558,-0.07107718899543758,0.012233560297773838,0.005059498069240331,-0.0736394155234521,-0.011707193454585374,0.008729126017785471,-0.07813855892289112
-0.006360136736296675,-0.01765215299947004,-0.10781921421182339,0.019901243464656347,0.003946594562860407,-0.11389715506171516,-0.01291621783798084,0.016769890951639436,-0.11850133238486826
-0.019371260269956055,-0.017749191825658806,-0.16175038727649696,0.025640939257967486,-0.009309943886405547,-0.12551750421825694,-0.004492537065918313,0.027646261088246853,-0.12798672076475745
-0.010936997367253247,-0.013287030478353624,-0.10476136775626728,0.017192411641625743,-0.0038123451256385616,-0.10790707761605678,-0.004905869456978129,0.017680148883064958,-0.11173823145071982
-0.0023632249140231876,0.009871557201401229,0.050980890342910035,-0.008791105219306539,-0.006143446161371857,0.053239991363973616,0.009156604186256329,-0.005005869395051377,0.05283960108539709
-0.0024103109388107224,0.010279874390484807,0.0532415922899566,-0.008155082791030634,-0.007172080250771811,0.055213183395874665,0.01022579010264023,-0.003759128495456343,0.05550269039162892
-0.004067287779556593,0.011093520556092014,0.06303097296250935,-0.008434398089017723,-0.00946320358040673,0.06711460237284565,0.01214344336074716,-0.0024635846771739072,0.06637350287051665
-0.009428351883278285,0.012735994791497557,0.09020161753473925,-0.005772736692014788,-0.015148826362946613,0.09362562245576189,0.01620769148944816,0.0024274916878037974,0.09430424152004346
-0.0009379949993393311,-0.000247499340000575,0.0003999999999996683,0.0015287983533875116,-0.001286733874311663,-0.0020249999999499835,0.0003722213741987057,0.001229266679614316,-0.0013000000000928935
-0.0004173024642167227,-0.00018699855885676633,-0.0004500000000004688,0.0004245493357979413,-0.0008776186374077128,-0.00021249999999639613,0.00045716489282008086,0.0010193321529473733,-0.0005375000000640284
-0.00044777395418907747,-0.0002169944390560185,-0.0008083333333333447,8.616201731358781e-05,-0.00015645127734006551,0.0003666666666587067,-3.1391608181933047e-06,1.8128139208016338e-06,4.999999996257998e-05
-0.0001317115047115788,-5.891427484807123e-05,-0.0006812500000000401,4.316684404589841e-05,0.00010056054567123727,-0.0004812500000062059,-1.3125996359275582e-05,-6.836644956440423e-05,-0.00030000000001972893
-0.0014439472173638501,-0.013255226047525511,-0.07449747308960254,0.013301256555364044,0.00545668860139209,-0.07716541636928476,-0.009376302452446944,0.009511510667303824,-0.0703079814145191
-0.006497400406143796,-0.018963973031786624,-0.11251648689692169,0.020792433100074028,0.0017632335380102226,-0.1148805919658713,-0.01229804933610474,0.01565149398845124,-0.11078067188381446
-0.02027127518822392,-0.01756427282612867,-0.12203004665458854,0.02629531593403268,-0.009967906757650722,-0.12607666975074835,-0.004550399918377175,0.026999158330760015,-0.12306187071633445
-0.017430584060218978,-0.012095156964199107,-0.10544117446868048,0.017587620300150757,-0.004227865178760427,-0.10824654340717277,-0.005160027087353226,0.01665926085322575,-0.10526340170107229
0.0009717277885262776,0.010614031791879376,0.05274945801347508,-0.007567030319028528,-0.0071519449655402245,0.05175080950809985,0.010884373853870671,-0.003665997928906095,0.05683347371516767
-0.0020698482168790555,0.010384243196949503,0.05482089097259635,-0.007953547242848616,-0.007120613521408951,0.053924657169579504,0.01069503758575202,-0.0033135227146016996,0.056268028285644256
-0.003527309175214393,0.011230699602346381,0.06377132340884972,-0.007877088170829152,-0.009427574749821492,0.0660137437433761,0.012701470108686485,-0.0021047126612046474,0.06824447612296207
-0.00922549742837859,0.012654854500758352,0.09119027220644044,-0.0061942265721794485,-0.015063332037308247,0.09293523711670915,0.01654734919689123,0.0032030241853670273,0.09688675979977468
-0.00031354599081684364,0.0003606854777487956,0.0001249999999999439,0.0012316583402859071,-2.0895380023477905e-05,-0.005774999999896835,0.002160772246007775,0.002365409122330464,0.003350000000068576
-6.422197465185933e-07,-0.00018888743318859144,-0.00031250000000021885,0.0006849435684201809,-9.192857404934547e-05,-0.0031499999999518025,0.00082566891790777,0.0006491267625887945,0.0015625000000518696
-0.00035716814463753507,-2.9749985670447202e-05,-0.00026666666666676973,0.0004462314161057008,0.0003506745367282127,-0.003091666666617717,0.00015211601898637177,1.5760296865182815e-05,0.0006750000000129338
6.532294484861087e-05,0.00011107764108451049,0.00021874999999960424,0.0004796762871328867,0.0002639191596814624,-0.0022374999999907885,0.00036669281519063316,0.0003966602665275855,0.00044375000001206644
-0.0011813059873286291,-0.011940526930187732,-0.06806998812229523,0.012735961001580226,0.00623882852642671,-0.07465764315015555,-0.011220864887386689,0.00785896177729617,-0.0733902707007239
-0.00568736061711138,-0.01836134660251305,-0.10778349911182791,0.020431354584212455,0.002732773696460954,-0.11488918232120948,-0.012296280779689226,0.01577514066090604,-0.11253052542516961
-0.01885634733722335,-0.01735059414023449,-0.15835074519598483,0.025945656373098917,-0.009933688527521372,-0.1268040634400743,-0.0048283878372696164,0.027103190001555585,-0.12496045855412419
-0.017672425850321753,-0.012375412195099944,-0.1065620149368303,0.017613913005282693,-0.004123698638334932,-0.1087362598990893,-0.005652334711606381,0.017090856492673785,-0.10852360443982523
-0.002363438061980805,0.00984747807944996,0.05014174559771365,-0.008970332322239677,-0.0054910874340910465,0.054633956348126844,0.009092369255357668,-0.0043267081290335185,0.051114985527078716
-0.0013317526833626452,0.010167867745182156,0.052756292783098166,-0.00845371464915707,-0.006912121412600003,0.055247437783068065,0.010129721368181934,-0.0037773335945481515,0.054503284735951674
-0.00430960059609266,0.011077639580935147,0.06409522309784269,-0.0076324622208394565,-0.009463609685196408,0.06687696961762413,0.012194723503344692,-0.0019742678653329143,0.06571726725090876
-0.00973512242864665,0.012773036202325115,0.09256352905431361,-0.005911479966682883,-0.014790507406934973,0.09310023520767707,0.01583615055108633,0.0024887856773163864,0.09186534571313243
0.002183643163893023,0.0007012358582105154,0.001325000000000126,0.0002394240706977968,-0.0009449430960761784,0.0008999999999481645,0.0003219921583391683,0.0008968938657663572,0.0009999999999621423
-0.00013906528869505545,9.799978832012089e-05,-0.00028750000000041,-8.867516225012177e-05,-5.1409670813616794e-05,0.0007749999999528967,0.00027069797272720003,0.0006457512292698839,-2.500000002569891e-05
0.0005309620277734897,0.00041502622379660785,0.002349999999998163,0.0003171422745975356,-0.0004355924411883879,-0.00025833333336204117,-8.19014795764929e-05,4.75701938971015e-05,-3.33333333379926e-05
0.00038632224067262254,0.0004740122651382426,0.0023124999999986516,0.00028018734374521257,-6.802638405648718e-05,-0.0009625000000124118,0.00011701594019703236,0.00016036178229907416,-0.00029999999999752447
-0.0018840692330990283,-0.012450360658757193,-0.06981387837368463,0.011490669555580535,0.007446614605020885,-0.07461603919876048,-0.00897874500323595,0.009172948846010442,-0.06907254392460871
-0.006662861709524594,-0.018525724611323915,-0.10953621024390628,0.0201029485000436,0.0029012605039698456,-0.11484006291597737,-0.011817378526273983,0.015315827399613643,-0.10821340647493294
-0.020089700866028327,-0.01736825794002728,-0.16241765471656716,0.02576722002884393,-0.009401308529779258,-0.12625246803157722,-0.005557231972887607,0.02669131089346049,-0.1199067511942727
-0.01808171307938065,-0.012015606430458979,-0.107225610341897,0.0175085117209513,-0.0038087661221181124,-0.10963121995818115,-0.001632035552657989,0.02139685660941847,-0.105465948948269
-0.0013798836702369477,0.009708883134416112,0.0503344191466524,-0.00809284201030297,-0.007968254909881956,0.05338378229744478,0.01088245018105935,-0.0016701134707697296,0.05112455303661889
-0.0023304008476431205,0.010506737200510942,0.05481500336161062,-0.007803302719519876,-0.00797916610487115,0.055779299722047426,0.010323404229627749,-0.0028431624795784614,0.05419583414174589
-0.004515391140834578,0.011283192564855275,0.065575023379862,-0.0072549787773609365,-0.010024604808681654,0.0666367312077772,0.012339541065296769,-0.0020818075249566326,0.0662066902336722
-0.01009186589056182,0.012882559880661094,0.09333457027855674,-0.005551810691293174,-0.015341800818721064,0.09359282993512963,0.016170494769303257,0.0026902212886230274,0.09330737703664993
0.0012499623765760415,6.840623620468398e-05,-0.0010000000000000419,0.0008460523516010121,-0.0020382160499307633,0.0007750000000861235,-0.0002145799216923816,-0.00023691335383074774,-0.0003000000000419334
0.0012499637333456765,-4.5333313991102624e-05,-0.0008375000000001416,5.2152508270286724e-05,-0.0006128229348299917,0.0008375000000615529,-0.00026230079016525347,-7.878854124676593e-06,-0.00033750000003607283
0.0001785700214323211,-7.035714098184053e-06,0.0003833333333327242,-0.0002510439045265632,-4.36653069099283e-05,0.0010833333333515327,-5.27017769920622e-05,-0.00017571064577741918,0.00039999999996709334
0.0003947238828995813,1.8513151847035112e-05,-2.5000000000292322e-05,0.00019252564559111752,-0.0004207008739519566,0.00018125000003088587,-7.862581420074659e-05,-3.0447359117864798e-05,-0.00038125000001443254
-0.003068699355644744,-0.012095262589519512,-0.06615096554034657,0.011816795725566598,0.00786007436544972,-0.07506383191122623,-0.011076355728393411,0.007313452145107924,-0.07256968866906632
-0.0074756139274897064,-0.017492996424372822,-0.10593506504111874,0.020098178707225745,0.0036809597968775107,-0.11454634414553855,-0.012116679016363485,0.015332521169837842,-0.1110780373546838
-0.019578142627641102,-0.017984073068017997,-0.1587183428978088,0.025967291099645136,-0.009551706021530429,-0.12695592504049133,-0.004554048749316951,0.026434459981576112,-0.12497289655385065
-0.018370465049020866,-0.012333427241660103,-0.10730154708658586,0.017649788667463636,-0.0038900314981909316,-0.11055734510826698,-0.004994042522170119,0.016952648328993236,-0.10904262130913
-0.00028176691451581304,0.010687554726967335,0.05290756735136053,-0.006993217207505731,-0.00867729666723105,0.05458316158781784,0.009756350078174436,-0.004242748773107541,0.05417098368498685
-0.002526692548496554,0.010197039546515043,0.05330181728512481,-0.0076319774896928105,-0.007983235194155804,0.05552633074432656,0.010817487084077704,-0.0030265009776190657,0.05714625813852958
-0.004308917364684702,0.010966689932968347,0.06347945277294592,-0.007331782414555074,-0.009974115138212352,0.0654829804835148,0.012647384558457058,-0.0017968927793844877,0.06847996099956788
-0.00995094892931358,0.013083734701961029,0.09367370188086792,-0.005618464334865511,-0.015110061616887821,0.09229392975285133,0.016707756741766416,0.0026485287525488867,0.09564814703247326
0.0003117034454783174,0.00031237364585611594,0.0016000000000000055,-0.0009871752914628051,0.0015950877762793692,0.00105000000001354,0.002219216083503006,0.002332583737614524,0.0015499999999057934
0.0006938209745559969,-0.00018610971869307194,-3.750000000029251e-05,-0.00028430567170562645,-5.0614155058495115e-06,0.0010250000000322501,0.0006196939256618449,0.0007653429742028441,0.001437499999923375
8.927512678716784e-05,-1.924999611794583e-05,0.0003416666666662637,-0.0001739568973719931,-0.00010176051352553792,0.0011583333333694175,0.0007762228534211839,0.00038420170865979423,0.00186666666660192
6.557999925122837e-05,-7.3499601998138e-05,-0.00013125000000015042,-0.00011322954774526266,1.0212996807905894e-05,0.0005312500000131948,0.00041614110887036154,0.00029353353831356995,0.0009062499999545892
0.00015438443726895068,-0.013192105817632745,-0.07075920916713005,0.010548583655522331,0.006473568828123388,-0.06785056346685359,-0.009742818799615,0.009028546053564679,-0.07203352756892656
-0.006069446525924782,-0.018797426919031898,-0.11119571326668942,0.0191176936359901,0.003509651766335652,-0.10987806834497071,-0.013002079460063142,0.015463683072772239,-0.11127909455708185
-0.020272880686562612,-0.01807840508824243,-0.12234805124044461,0.025107530388238073,-0.008449992504445352,-0.12049138732648974,-0.004420088052860657,0.026666469749130867,-0.12403523523320341
-0.011108425461347429,-0.012845818259244328,-0.1047733737515942,0.01660260144147591,-0.0029043334528780934,-0.10303541951487138,-0.005455545859832451,0.01652958207293043,-0.10510271994277343
0.0015479509571647565,0.01100340339319886,0.05265347372406307,-0.007777954915588053,-0.007321105870213007,0.053327828769855756,0.009181194190747283,-0.006996516466975522,0.0567591988358096
-0.0013537912417451972,0.010522999132533697,0.055092916575242026,-0.00782822530137771,-0.007395724221164067,0.05508844183532702,0.010266277403963513,-0.0034518312907399424,0.055811572198427584
-0.00342707946248252,0.011595371538773344,0.06539412668842856,-0.008283832433646618,-0.00944164785381416,0.06702720494882186,0.011901627841455367,-0.0019892131650350864,0.06656659482078275
-0.00971250437181057,0.012750707719856539,0.09300595913026996,-0.005893964896982725,-0.015326063939071261,0.09413283796777527,0.016116933444724365,0.002459472262191319,0.09536384292153088
0.0009360622305401578,0.00042287174105077316,0.0022749999999997,-0.00019695759711363392,0.0016864283451656359,-0.0011999999998124622,-0.0009388696556554554,-0.001261857955917045,-0.0011750000000532168
0.000555004307379376,0.0001749988423772334,0.00046249999999969563,0.00014371226569886986,-7.75561092107117e-05,0.00012500000008408563,-0.00028525993113481807,-0.0007970832215098422,0.00019999999998354667
0.0007138890085824277,0.00012021341296040446,0.0008583333333328419,-3.9005697622226544e-05,-0.00022943665722466707,0.0002833333333877401,-0.00014143037548141374,-0.0003306787994915889,-0.00011666666666817112
6.400381337350558e-05,0.00021513485609750844,0.0009687499999993493,4.265208297879317e-05,-0.00035610672513125845,0.0007187500000505054,-0.00013021161926912424,7.619681771799478e-05,-0.0010812500000012548
-0.0013674125660459446,-0.012903211037167591,-0.069702088891155,0.013405419605851121,0.0061331865162106425,-0.07887190260160715,-0.01080880131164308,0.00874407064867938,-0.0738751185650699
-0.006419829748027794,-0.01782449816606856,-0.10758852755418666,0.021038675571965572,0.0019466822581908844,-0.11641090048080116,-0.0128354203486737,0.015984608748929104,-0.1145779224905219
-0.019744100636393924,-0.01745679651568897,-0.16239069808461723,0.02638978452429669,-0.010312722758946362,-0.12821517126341644,-0.004223906462032047,0.027277622705471048,-0.12792349417347637
-0.018138957664475097,-0.012239034258069652,-0.10827170458266037,0.017965842072931972,-0.004312533348430216,-0.11013198314057393,-0.0051495011037341444,0.017644359641074647,-0.11129635009827776
0.0016694219656387954,0.010257136028645739,0.0510504691713493,-0.010580633908120057,-0.004804307974018429,0.05646931761136287,0.009906012490908112,-0.003964948310002103,0.05122747588179877
-0.0007836295615922436,0.010187178014692476,0.05235319292851733,-0.009054936186927987,-0.0067875731715121785,0.05811163497386751,0.010268648239119795,-0.003095563938651205,0.05382462250329567
-0.003838559974249565,0.01107917092392728,0.06429673060444824,-0.007814552905493053,-0.009720544018779198,0.0682023626922934,0.011912274579867854,-0.0016601831950370713,0.06445613666884083
-0.009445795913962399,0.012424936406326179,0.09118037932988614,-0.006236145460322987,-0.01508459354064169,0.09398799978121986,0.015861117455843534,0.0025140457011346416,0.09229263788879671
-0.0009409797336462633,-0.000662800320887419,-0.003724999999999895,-0.0014111138447354954,0.0013476343904764154,0.003425000000056855,-0.0005980256953218299,-0.002177670473280102,0.0007499999999716067
-0.0009724313594515631,-0.00010724972812131314,0.00020000000000090085,-0.0006364418448599288,0.00010856875821819835,0.001700000000015578,1.0849686494908263e-05,0.00015420873386573497,-0.0004625000000313406
-8.961357044122233e-05,0.0001092850585726864,0.000825000000000208,-0.0001280379609052854,-0.00028221432835889057,0.0009666666666833615,-0.000199249762280632,-0.0006061084566307987,0.0002666666666447289
-0.00019847415637448172,0.0001714294558380546,0.0010062499999999364,-0.00030278153555145747,0.00020391437995458337,0.0003874999999986528,-0.00029488460307656056,-0.0005134524833142064,-0.00028750000002908394
-0.0016897428509812795,-0.013015290304874099,-0.07218715207834385,0.012162836825375944,0.00638668737170528,-0.07332539151390094,-0.012199672816019108,0.006242733303365999,-0.07498078949428333
-0.006441061814463047,-0.018430172257243933,-0.10815625892324951,0.02026144841724017,0.0026299199288993946,-0.11414047231623758,-0.013723357327871975,0.015606806591723766,-0.11575832025148003
-0.020017449405792986,-0.017995796748570794,-0.11867186420832819,0.025929517293028472,-0.009613552130846581,-0.1253411236291561,-0.004411031077377574,0.02682464474957461,-0.12766395396480354
-0.017794586589489955,-0.01217316687270122,-0.10593853510535249,0.017566641500157153,-0.0038229921064406765,-0.10777257141876273,-0.005176053741501757,0.016750206081677443,-0.10852692443041878
-0.0014673378546936622,0.01012308520857523,0.05178642135150914,-0.008945640619904133,-0.005470574152580121,0.05365296572454881,0.010322249144573137,-0.0031045938901283487,0.05184629482184455
-0.001097703869051836,0.010657682547608226,0.054167904607708484,-0.008886238109007436,-0.006563061900120386,0.05682271269922268,0.010149543555857923,-0.0040292345824533005,0.05578762687583616
-0.0041457685164975056,0.010954278492071161,0.06362732147467098,-0.008219174620079095,-0.009248037304315782,0.06673212946211038,0.012337492598741782,-0.0022458858827460538,0.06712148216420448
-0.009344085771865799,0.012769153961822993,0.0907543207324853,-0.006292805973653892,-0.014646794457084196,0.09229521749181124,0.016146217121939036,0.002171326728981232,0.09314790106781934
-0.0009387527114754213,0.0003976848693023889,-5.000000000002503e-05,0.0001465969836390857,0.00044433279507150036,-0.0008749999999224656,-0.00142526763311987,-0.00024843678166769356,-0.0029500000001014826
-0.0002777867999977553,-2.2555553149600353e-05,-0.0007625000000002133,-0.000605365559611104,0.0010938572348955728,-0.0005124999999495117,0.00012717669204471212,0.0005687185578954571,-0.0014750000000507413
-0.0008037486157721643,-7.874973421903915e-05,-0.0003750000000002402,-0.00046480882554683634,0.0006593586045092589,-0.0001666666666307511,-0.0002135149413206345,2.1405669310494068e-05,-0.0009416666666872686
-0.00046078482217253535,-8.206524660955929e-05,-6.250000000358399e-06,-0.0001505082722290604,0.00014084629183858986,0.0005312500000353992,-6.799153187978699e-05,0.00019225421100286128,-0.00048750000003483507
-0.0018379848888763761,-0.01216048650768769,-0.06921384647115937,0.012540696099620774,0.00519516612806914,-0.07379624104619786,-0.009198124156801352,0.00976235844375034,-0.07144222849717607
-0.007057269693016504,-0.01760408747196869,-0.10675700530089394,0.02081250813743112,0.003069106294251784,-0.11606836693278666,-0.011808709317083962,0.016738279412993454,-0.11402654458532169
-0.01966595349340656,-0.01739675918796301,-0.16141728078362613,0.026420670781054676,-0.009948160731677671,-0.12683894088609815,-0.0039014087177120594,0.02750743415467045,-0.12819191673649755
-0.01171147053064876,-0.013415988882959713,-0.10673583256399177,0.017229765217497556,-0.0040302240040155255,-0.10690936674805362,-0.005117697125133594,0.017818101477749215,-0.11112042462895211
-0.0005844801537965849,0.010470726242297227,0.05141517159890683,-0.010303190420734437,-0.0037603148988138435,0.05512938991891758,0.009202174001445018,-0.003691196115922224,0.05095251980864468
-0.0012359840285815062,0.01020076969259846,0.052300884104134124,-0.008131112277803523,-0.007426369272709825,0.056224830990236896,0.009642601564061973,-0.0035450854390199162,0.052776029151790915
-0.0034978270655778537,0.010937819735377274,0.06269688195123353,-0.0076492669757663445,-0.009307623211537996,0.06556293268541087,0.0120134664680397,-0.0023261347232989005,0.06573712070577405
-0.0092176701388435,0.012839090095344013,0.09178652879066063,-0.0065167431182287724,-0.014639411857506023,0.09241474859458254,0.016207468994714366,0.002353158135836557,0.09341775091488147
-0.00031284371530826416,-0.00020831212191301603,-0.0007749999999998684,0.0007217296717383637,-0.0013875724330647543,-0.00037499999994139444,0.0005446568520327266,0.0011289982708023727,-0.001550000000083429
0.00027641055261318215,-0.0002790233114946691,-0.0008125000000001423,0.0005787987777564371,-0.0004691837490652014,-0.0005124999999939206,0.000352197100354316,0.0002783585954204939,0.0005249999999623611
-0.0003572849998079164,-7.107123904783144e-05,-0.0002500000000002802,0.0005554926851489284,-0.0004035219397454025,-0.0012499999999822837,0.0002582728836492132,0.0003664311137495181,9.99999999547659e-05
-0.0005267576800275991,-0.00010647904059122699,-0.00038125000000007337,0.00039438146046925844,-8.014096965871637e-05,-0.001062500000004185,0.0001739315984024635,0.0003554162204047619,-7.500000003268781e-05
-0.001444620250048989,-0.013461027693248246,-0.07321367402622946,0.012466469592565393,0.003879066355551297,-0.070745994583854,-0.011840828939020664,0.0075702039895250706,-0.07715305131128503
-0.00744083689584945,-0.018878611475682615,-0.11154324907264335,0.020055636172726495,0.002929645018258221,-0.110979448996118,-0.012970824959586248,0.016447315838865544,-0.11618403701909585
-0.02086735863806945,-0.018096966490024655,-0.12126414306098043,0.025920209755098296,-0.009456496333005398,-0.1226458939738495,-0.004419244773229017,0.027327005311504938,-0.126468043293985
-0.0180477702714362,-0.01257398229396697,-0.10538297887008896,0.01728221376002827,-0.003692478169854904,-0.10513478256916065,-0.005176230347635713,0.017158665214224014,-0.10895323563724357
-0.0023966011225146078,0.010151137986944721,0.051839813671424186,-0.008565787185256524,-0.00754969163267033,0.054755502635561726,0.009254975938066679,-0.0046997817827951205,0.05212931018725442
-0.0030692968717623468,0.01013794083552635,0.05436516927638878,-0.008068285498840581,-0.00786915472005144,0.056010965526098744,0.010088250954631993,-0.003859775587104918,0.05512560784430853
-0.004247134631879931,0.011269116607381755,0.06433857403040232,-0.007369815024624304,-0.010081894341786222,0.06641222403178659,0.011944874720570807,-0.002093562963248078,0.06577707031591255
-0.00973471566765334,0.012973273671695148,0.09152324410158268,-0.005830626916764644,-0.015082626341196248,0.09178188126093278,0.016028944221478724,0.0021937662941097866,0.09339658825975317
-0.000625902135308054,-0.0003341233761548476,-0.0010999999999999504,0.0007388245597400589,-0.0013776816648949919,0.0014000000001068713,8.247233718866598e-06,-0.0007252112260505705,0.00062499999993193
0.00013864266425035588,-0.00011724965528528608,0.00017500000000040297,-0.0006802309724878657,0.0002443475789081094,0.0026375000000466997,0.0006057012960944716,0.0006135545094025178,0.0009374999999867129
-8.938841240020106e-05,6.041059789448564e-05,3.333333333366319e-05,-0.0006078495910886399,5.357550786542843e-05,0.002225000000037151,-0.00020358573172325162,-0.0001915499221897107,3.33333333379926e-05
-0.00013160499999133104,-2.605261421047885e-05,1.8750000000241142e-05,-0.00026074288951060645,7.584273432965405e-05,0.0006750000000277367,8.04756421830591e-05,0.00033379397320299517,-0.000537499999997415
-0.004203781774236859,-0.012947076938818605,-0.07299372313927215,0.012648680907969417,0.004862530370006168,-0.07382470241452666,-0.010008323264254493,0.007579884774892853,-0.06903487129115149
-0.007786955814350873,-0.017645206581159114,-0.10674216692958108,0.02030943292782504,0.0039943899071014245,-0.11516450954598412,-0.01178137156504808,0.01564019671873122,-0.10985591788421623
-0.02034224299264122,-0.018179453370832894,-0.16248270309488028,0.025378039560850822,-0.009643407497447147,-0.12624657024317884,-0.005308746431091043,0.026866992452778737,-0.12123420413863902
-0.011736307168510969,-0.012850559330510807,-0.10428251997168576,0.01709223127199035,-0.0040152600092609545,-0.1081065488232974,-0.0053463855705225185,0.016427174481649782,-0.10459783175544857
-0.0010518213103410945,0.009536478184041835,0.04813450803509374,-0.008617514075822535,-0.006022563512557422,0.05297569194864238,0.00948042433679755,-0.0037832793438052903,0.05330958637341787
-0.0020364875478925035,0.01003827901457878,0.053122092565450786,-0.009034886303575641,-0.006335361884931803,0.05598737354781669,0.009920287719937063,-0.0035565772031096207,0.054890611348556995
-0.004223411650929242,0.010939879718489729,0.06329108061658689,-0.00846368667819766,-0.008996662298322538,0.06648644348053641,0.01181031053587398,-0.002569746868081154,0.0648308447127229
-0.009260268957752239,0.012243321490111606,0.0892384177384137,-0.005985004301334161,-0.014649570528818708,0.09244338974259136,0.015652242939234794,0.00218434278740529,0.09155088759268959
0.0003123877515970319,0.00011815617890930204,-0.0009750000000000147,-0.0010438052569054779,0.001923236222590996,0.0006249999998431122,-0.0012253628200835365,-0.0014565812791952903,-0.0020999999999382624
0.0006941461477499238,-0.00012969398705585175,-4.999999999987341e-05,-0.0004432751392752232,6.223847375437981e-05,0.0021999999999078312,-0.00030586185545565677,-0.00030426890552166027,-3.749999994973052e-05
0.00017821705474469724,-0.00011249925581388468,-0.0010416666666660365,-6.632103132845981e-05,-0.00014192989471988643,0.00062499999993193,-0.0003543404446417526,-0.000310167880217062,-0.0006916666666375212
0.0003269488699117911,-0.0002310345278417002,-0.0007499999999994964,-0.0003107826913522305,-0.00026254166001157673,0.0016624999999548251,-0.00022818259123357745,-0.00024785619060964164,-0.0006124999999856939
-0.001667346915770751,-0.014412581391939109,-0.07821837409739942,0.011463121488787531,0.0057819139565387645,-0.07145220673931973,-0.01051764723580123,0.008869660340707353,-0.07441948194975012
-0.008478506222647168,-0.01891529862658736,-0.11536265911475652,0.01957973038322081,0.003801008249189176,-0.11317011265512544,-0.013003113248613276,0.016639026007910722,-0.11652307324125921
-0.021748074749343253,-0.01792314444590793,-0.126121276311721,0.025353459654033246,-0.008870268565620247,-0.12371466042212509,-0.004449198365789687,0.02777767200598388,-0.1263920104443983
-0.012275672030300836,-0.013052793816963622,-0.10821326234659445,0.01703201738625661,-0.003227708052447466,-0.10617603313800295,-0.0052948295507825845,0.01763104689973642,-0.11055030120490361
-0.002492180842479652,0.010712831013064198,0.05192365960772984,-0.009077454039500138,-0.006801298309801196,0.05495623700673136,0.009948418464671843,-0.003299931608587159,0.050897097772351074
-0.002358806628518753,0.010230554248850044,0.052737383991672784,-0.008056095777529538,-0.007289217182552636,0.056656134042487594,0.010202010614275713,-0.003055310664107358,0.05524616660828041
-0.004175036342757288,0.01146364261847328,0.06497388281559137,-0.008315750611015613,-0.009189231500699288,0.06625579227155971,0.0118502513744123,-0.0020612565882542422,0.06481313067726961
-0.010087438433540203,0.013068355916139042,0.09355345851132704,-0.005949332497574771,-0.01483943117094295,0.09301216108545951,0.015716221439964505,0.0022964744651071387,0.09255661331629694
0.0015614013125705983,-0.0003724353392455511,-0.002675000000000111,-0.00010116918700356359,0.0006627289362293176,0.00019999999993913775,0.0011021277458792,0.00045122565738020537,0.004099999999951365
0.0008291629139308329,-0.00048492053380415915,-0.0016874999999998848,-0.00011151575461048551,0.000416483690606083,-0.0002750000000162345,0.00035229174091822024,-0.0005175694403583256,0.003212499999971641
0.00053550548611717,-8.699966592049916e-05,-0.000283333333333687,1.0596057437227215e-05,-0.00020035208962908082,-8.333333333017852e-05,0.0005857427776522524,8.143367330261584e-05,0.0025083333333360733
0.00026291186885615093,-8.066397343104676e-05,-0.00022500000000027785,-0.000153335622206009,6.29555116561434e-05,0.00018749999999290168,0.0004854233245059274,-0.00011808227127821515,0.0019562499999903338
-0.0004461353546245106,-0.013045121710327703,-0.07023912110569411,0.011532420645176539,0.00650462505236149,-0.07166113000338648,-0.009514938327011974,0.00879621006363851,-0.06906268315072239
-0.006301546717935036,-0.018273759184031384,-0.1090239055856074,0.020178528239588874,0.0031807850675456984,-0.11374481296291261,-0.011499115335432254,0.015464513855930555,-0.10696780024987973
-0.019638749583940452,-0.017818531047383564,-0.16212890049731107,0.025756910124418022,-0.009444103964083692,-0.12480947437963907,-0.005385774155628108,0.026206335299806278,-0.161270218882296
-0.01169492085049377,-0.01283879588643034,-0.10661860383931661,0.01695814265290519,-0.0038668005450111596,-0.10642574873186428,-0.0013305890330011477,0.02170338433027945,-0.10668072135420203
-0.0014425153311847794,0.010075767220499146,0.05025969843134041,-0.009597881893211313,-0.005584070114278417,0.05364994657499622,0.010150880449096011,-0.0033843485252940675,0.05415439789664411
-0.0016408871623808787,0.010249052222354596,0.05190796037790748,-0.008634350901466482,-0.007078343879051646,0.05733622871786359,0.010562125751584526,-0.00256385748236153,0.05489906275455425
-0.003740590832684457,0.011431105480375224,0.06409029837332145,-0.007516976519782765,-0.009955778136349982,0.06806875697561073,0.012251772382899534,-0.0019424851135652066,0.0672183616352721
-0.009903111273835608,0.012850784428541458,0.09267629607089618,-0.0060832477165639305,-0.014911076426231129,0.09191258693692639,0.016310905671319015,0.002388972966627685,0.09346330027780736
-0.0015625880546640825,-0.00010359370010238418,-0.00040000000000014015,-0.0006133825024151607,4.171809085684597e-06,0.0022500000001812737,0.0004963082429546017,-0.00028354062916319256,0.002725000000047828
-0.00027859301124983423,0.00021174790756335108,0.0015375000000004098,0.0003214199777368871,-0.0009378237307196743,0.0016375000000845574,-0.00034551072153024244,4.121068732870153e-05,-0.0016374999999513307
-0.0003576752044443759,0.00013649861589432134,0.000641666666667135,-0.00019822784838585683,-0.0003242279444152864,0.0018750000000622435,-3.3818499803130375e-05,0.0004339085519301987,-0.001599999999986797
0.0001291039261695989,0.00025647091927118187,0.000787500000000137,-9.946029479398897e-05,-0.0003644684359520823,0.001112500000055583,-0.00013954368907390249,0.00015828783815984235,-0.0013562499999730804
-0.001729522882944201,-0.01336646788517495,-0.07183670199331924,0.01270750665176637,0.004935479798663656,-0.07220752829701915,-0.009581910188852932,0.0105470158255766,-0.07582390924341098
-0.0073180411517178206,-0.01905696884365647,-0.1111300247545175,0.01978201503588594,0.002099378479537068,-0.11104565352133555,-0.012587405427272633,0.01706580262828303,-0.11707994478729056
-0.02117911794448232,-0.017624096664942485,-0.1237524400342962,0.02554753808858685,-0.009274396274363115,-0.12154519209370458,-0.0037110241709177394,0.027556545162185617,-0.1285163401703334
-0.011809712990606572,-0.012984238836158513,-0.10469408741044728,0.016996648654338326,-0.003956318898662729,-0.10578577108244502,-0.0051014525612640945,0.01799492738524122,-0.11218763724174519
-0.0012721661623929514,0.010937874679702683,0.05382192706723945,-0.00935123083012357,-0.005810277139368936,0.05395895453741417,0.010833190841413876,-0.00396858788364457,0.055554160998427804
-0.0021835362160203976,0.0104870822001506,0.054676726330949624,-0.008799337898876238,-0.006449195449278096,0.0562784622423429,0.0105161989755904,-0.0035489988136627737,0.05552700685378387
-0.004385858334742175,0.011374452952418623,0.06551360272039113,-0.008511707866696543,-0.009273661646711744,0.06750019576970227,0.012266341946006778,-0.0022335879606923325,0.06643603069630781
-0.009889608264204854,0.01264294804811974,0.09179599869129954,-0.006372448359605393,-0.01508839921845276,0.09425534589420081,0.01624278044889864,0.0026266936548598845,0.09373954483962721
0.0028071132008658517,-0.0008287266570721327,-0.004199999999999881,-0.0006028673967366227,0.0003725752254837844,0.0013000000000928935,-0.0005435568338554853,-0.0014897163635105293,0.0005999999999062311
0.0003977431998542564,-0.0010200159690563983,-0.0049375000000006965,-7.165351973025135e-05,-0.00036338588205484277,0.0008000000000674135,-0.00033389978293848116,-0.000448637058586554,-0.0006625000000592962
0.00043015166978156916,-0.0007622683113520413,-0.0033083333333338147,-0.0004087586009334153,0.00038174506920642316,0.0011333333333733246,-0.00010953559872917922,0.00016737984923671196,-0.0009166666666911757
0.00025769094663966773,-0.0003783091757057905,-0.0015125000000009534,-0.00018571091712318415,-3.264412322036062e-05,0.0007187500000283009,-0.00040072451624652066,-0.00022205984160390897,-0.0007250000000347256
-0.0017061317037908585,-0.013191049741308549,-0.07245771880650802,0.012293420978349429,0.0063883275700366005,-0.07650305012751879,-0.012462389794232892,0.0056461513634475935,-0.072223362831636
-0.0074410142912934634,-0.01825385756191672,-0.10957765577254759,0.0202746654688428,0.0034312852703178975,-0.11442387817230948,-0.01245668385035771,0.015384219449982337,-0.11313936797132662
-0.020214102115497155,-0.017284924769575553,-0.1621733954082831,0.025739431306873502,-0.009055298377203773,-0.12353990777131212,-0.005146736546473137,0.025917976604695726,-0.12099211303452743
-0.012116642092371661,-0.013033381682345687,-0.10688472742139996,0.01690188318148712,-0.0035192713532016776,-0.1061128593160876,-0.0021572085770318154,0.02117955812363449,-0.10442837171231734
-0.001783507848691912,0.010118867391188183,0.05056494521899414,-0.008351576560167856,-0.005784860689327098,0.05360047818818714,0.009743877641209264,-0.0062127179880980266,0.05774024468756522
-0.0010467781564913211,0.01053064539189892,0.053120597956248974,-0.008258718295673127,-0.007327329400856774,0.0565954719936812,0.010630737630886055,-0.003238687522805206,0.057699490051743574
-0.0037443445091354744,0.011309801882757101,0.06442368773693431,-0.00844407616325954,-0.00928463519279348,0.06745338688579257,0.012370205923326303,-0.0024901142150003863,0.06697281866497502
-0.009816241766644926,0.012420841974264596,0.09211273275301754,-0.005916971346662277,-0.015176860383903252,0.0948311906150412,0.016171489061393967,0.002463739783962953,0.09431366667254637
-0.0009387873001476255,-0.0003960909608456989,-0.0008499999999998477,-0.00040244787226362266,0.0022877680712421467,-0.0038249999999351303,0.0012936239405236805,0.0014197533504123339,0.0031249999999261036
-0.00013890256944031835,2.7361106550970332e-05,-0.00013749999999992907,0.000404748973989455,0.00038777051048858685,-0.0029624999999811052,0.00016086998991711918,0.00022788500279714697,0.00019999999993913775
0.0003567258730372399,-0.00012264191197734425,-5.00000000000049e-05,0.00017143938354661055,0.00020004157493575775,-0.001100000000005726,0.0003730061806799166,0.0007125656164623319,0.00034166666663300777
-6.585583152199517e-05,-4.147361342878448e-05,-0.0001499999999999252,-0.00011884088983872918,0.00031110133641286034,-0.00052500000000677,5.4990483847780926e-05,4.4246342640944104e-05,0.0002499999999683311
-0.00026898169236400093,-0.01366074824474333,-0.07447277883103476,0.011515210517221847,0.007111245256256893,-0.07422124142260067,-0.0098566770550014,0.008710108082017609,-0.07152107119088313
-0.0066090686957373836,-0.019585256325294075,-0.11633239732730045,0.019817269052570828,0.0038898159507891636,-0.11443007965052931,-0.013175821000421497,0.016020842284463703,-0.11426601112969337
-0.020695003547496264,-0.0180065035774795,-0.12448868340454768,0.025838857134222848,-0.009165523889629561,-0.1254659895649287,-0.004339335435918158,0.027038105492915434,-0.1261410884702959
-0.01144884848594842,-0.013416044016285664,-0.10677448202341364,0.017312812188812046,-0.0033907855485560733,-0.10729916495848535,-0.005225192103302348,0.01719789844446918,-0.10856900765783273
-0.0018959444962468597,0.010765305714563848,0.05266843475349083,-0.0075625699261124,-0.006748971918220381,0.05303951541062446,0.008644042105779293,-0.0044647161616881426,0.05160641732411264
-0.002269426217150267,0.010220935833096662,0.05391017751453327,-0.00765186557722613,-0.007428715133761532,0.05444642993772675,0.01029473709682359,-0.004015167523380159,0.056662914587257696
-0.0038331676134595316,0.01141836641844425,0.06441903394363077,-0.007615200592551996,-0.009291375239244995,0.06497738531254053,0.012290368957937054,-0.0027338849052807985,0.06724975081717766
-0.009541541694167198,0.012414934060710356,0.0908780135272296,-0.005957666705261322,-0.01474870348275287,0.09218028490660668,0.016310843473220604,0.001990803244524947,0.09410545490272093
0.0009374799000080869,5.0249994639992655e-05,0.0017249999999996983,0.0006886749019004157,-0.0010458199552684788,0.0008750000001001013,-0.0006266650951561314,3.633601787511598e-06,-0.0034000000001199737
-0.00041742838184489887,0.00020312309570847046,0.0009374999999998374,-0.00010810902931356213,9.7917036309372e-05,-0.00024999999994612665,-0.00018607321037064948,0.00010837426650842395,-0.0015125000000448807
-0.00017913142558564514,0.00013999850667144336,0.000550000000000019,-0.00018514470629631724,0.00040853709657292673,0.0002333333333659482,1.715187184840396e-05,0.0007156465830533103,-0.0020166666666969015
-0.00019737618256611777,-1.4111839259313024e-05,0.0003062500000000652,-3.5015600874961715e-05,-9.645552075475625e-05,0.0005125000000161251,-0.0001354877478251073,0.0003863233199028949,-0.0012375000000286462
-0.000770742927036494,-0.013134678053214659,-0.0703162151530251,0.012889523933239111,0.003338170823749542,-0.07317666962207703,-0.01126207219452613,0.007453310661723056,-0.07298327279494643
-0.006257484498447787,-0.018113415275542805,-0.10802616790589663,0.020099118792821342,0.003093923072880786,-0.11300646059864139,-0.011846423936145989,0.0159533164699805,-0.11213857592684562
-0.019864171055362725,-0.017362982297731377,-0.16272664277412605,0.025583419669601183,-0.00970625643274726,-0.12487916910675818,-0.005071713152225115,0.026998748358779513,-0.12236831836567319
-0.01785681420424892,-0.012168381374956877,-0.10687646275481341,0.016893302379682153,-0.0036833497880515327,-0.10464173053527925,-0.0055048119609908755,0.016410868340238857,-0.1044837374135188
-0.0012505385736660823,0.010841930342855926,0.052081209764723815,-0.00926432043927769,-0.004911674675762978,0.053991295499944414,0.009576850608809806,-0.00484749080251895,0.051493624627685364
-0.002327185406418112,0.010498818392437171,0.05420746679967612,-0.0077837968322919115,-0.007601754774458038,0.056276783343056636,0.010291967599762895,-0.0035297560024972873,0.05528028257066886
-0.004450246885180047,0.011062734706550257,0.0634114300357898,-0.00759865060080788,-0.009507400024657118,0.06609317126988756,0.012363209069805968,-0.001692928396607174,0.06656539903236632
-0.00981492566453386,0.013013874150510713,0.09235226976736176,-0.006504201275002525,-0.014741885244818051,0.09213546068413958,0.016220960002203,0.0024350742231212634,0.09274459147592395
0.0006249987687528824,-1.2312499917848762e-05,0.0005250000000001371,0.0007759457475373099,-0.0013562274586292888,-0.0008249999999598856,-0.00037807868359662766,-0.0005033515256061549,9.999999992515995e-05
0.000968356816541702,-0.00046570083344785434,-0.002275000000000821,0.00017542609648874615,-5.940325639102678e-05,-0.001174999999964399,2.2357501129764855e-05,0.0003082232494418709,-0.0008000000000674135
0.0003502279668737047,-0.0004956589041375584,-0.002458333333333203,0.0002778304682427013,-0.0003552167590487043,-0.0006749999999537218,-0.00033493617154469905,-1.0221607512786843e-05,-0.0012750000000375887
0.00019395300518275005,-0.0002982765601154427,-0.0013875000000004869,8.95261878263983e-05,5.122347599154817e-05,-0.0003312499999852392,-0.0004451263225389199,-0.00011828196070110717,-0.0012937500000198554
-0.0025072371390016945,-0.013919521101299709,-0.07632056398027824,0.012216969606269196,0.00474835921913247,-0.07132322240557265,-0.010614234839272096,0.008968748649480773,-0.07622706537446788
-0.008561065006330089,-0.018655759332801718,-0.11437231328639133,0.019499059194527348,0.0038577751707414964,-0.11069885884336106,-0.012456338679297765,0.01639114520475086,-0.11362376258152729
-0.0215071788883457,-0.017897515750761202,-0.12532136404885724,0.025414188521004254,-0.008601651119706708,-0.12040581529301948,-0.00464050166757078,0.027260844261883303,-0.12447424323115779
-0.012190729383310428,-0.013172307511880473,-0.10819392103789056,0.016588346757637717,-0.0031617749065286273,-0.10269782979671627,-0.005328866174167828,0.01680392984194813,-0.10662570742561162
-0.0011546544111465384,0.010173857888108932,0.05348397910805165,-0.008053759519899284,-0.00555695169528192,0.04927139835793071,0.009567792092515098,-0.0038250945967460703,0.051690744069476935
-0.0018424781168874865,0.0110299314962982,0.057156164235501496,-0.008200034284824853,-0.006615958055230766,0.05450102682553748,0.010404690112989255,-0.00308210203810629,0.05629976253105351
-0.004509785091699747,0.011422500842037204,0.06703525926274233,-0.00815660913759774,-0.008678036264333857,0.06428043439363762,0.012457837052704502,-0.0024953556129113175,0.0671450913906894
-0.010111059456477535,0.012815754359546183,0.0943015835618795,-0.006675204619313298,-0.014359075960520195,0.09139117096423899,0.015733934932963607,0.0023142979569182468,0.09170556803644869
0.00031242863283292843,-9.515621431636554e-05,-0.0016499999999992857,-0.0014775391590227116,0.0016710551466112,0.0003250000000676323,3.0530073257678536e-05,-0.0010971041393692538,0.0024499999999427757
0.0004141104688110748,-0.00038151636002569587,-0.0023125000000000897,-0.0008414334569322662,0.0009563008551365875,0.0004125000000243517,0.0003808615746577389,-0.0002158466010432964,0.0013749999999923546
-0.00035984981930557513,-0.0003093592092262191,-0.0015416666666668419,-0.00013211926578168435,0.000129837410354851,0.0007916666666811049,0.00017682470321895533,1.7732112583823678e-06,0.0009166666666615697
-6.613223009561453e-05,-9.520970369908836e-05,-7.500000000056802e-05,-0.00028922698301552484,0.0002883265186194949,0.00010624999999819806,-4.320305392163951e-05,-0.0002784726089371204,8.750000000112834e-05
0.0004683509702424482,-0.013350964214067288,-0.0702338345812166,0.013332574204390213,0.0031590817774623803,-0.07245773849420267,-0.010810640525858034,0.008320609144150948,-0.07563260751224377
-0.006857084711499163,-0.01843153692463856,-0.10944394154119497,0.02024577904018946,0.002386723865429843,-0.11304467331874068,-0.013174272040578392,0.015667989744491684,-0.11314615899413738
-0.019996840557861464,-0.017897447380328228,-0.11951167867214381,0.026218533004484828,-0.009578644112584864,-0.1250123344442781,-0.004918300539682016,0.02743490492172124,-0.12499144481571041
-0.017472469281780388,-0.012267734677251913,-0.10492921217843221,0.017711030518292183,-0.004040895052585886,-0.10916666686004994,-0.0050213231013882705,0.017175120186090412,-0.10985641175016436
-0.0015039374169842357,0.010523433555499893,0.052681334455348595,-0.01092079446022437,-0.0038764955770029252,0.05693871117848914,0.010553431274294006,-0.0035466269189265986,0.054277631164989515
-0.002958318521518239,0.01062774185628279,0.05544528443658807,-0.009273463312790367,-0.006654627848123256,0.05768044415326301,0.01085672693934173,-0.003193615170858798,0.05598155991577425
-0.004119177870869668,0.011568219674655227,0.06481313526103175,-0.00848988524938413,-0.009071138003351187,0.06616843765998581,0.012273123082858132,-0.0018215466072763714,0.06571903886807284
-0.010101464312679612,0.01271492867094583,0.09181247258296879,-0.00621366193122381,-0.014306300381505646,0.09105768439621187,0.016349377943561682,0.0024015511312924787,0.09323111393669814
-0.0021875440999880036,-7.349998235996142e-05,-0.0009499999999997233,0.00033308208071194945,-0.00016891578321492906,-0.0014249999998661167,0.0001524351312884309,-8.772414812618923e-05,0.0006500000000464468
-0.0008381171473966406,-0.0005116229583225999,-0.0028000000000008426,0.000987278589566672,-0.0008770491774717164,-0.0026499999999263224,0.0008078651011134758,0.0005001380292814063,0.001937500000037673
7.787419892467198e-05,-0.0006446510527792073,-0.0032666666666665467,0.0008413577916459501,-0.0005520192997432449,-0.0019166666665941061,0.0002712265074170899,-0.00045904981086403965,0.0024333333333477944
-0.0004693041210397726,-0.00047570781756855964,-0.002437499999999897,0.00046623136997594577,-0.0003409826683699105,-0.0009874999999492928,0.0002782370361360882,-8.119422862268007e-05,0.001218750000009372
-0.0004595365461837475,-0.013173875853494443,-0.07232646277228413,0.010742808784530017,0.007197249438331554,-0.06906680210096994,-0.012965509680367554,0.006537273849346881,-0.07651404957931263
-0.007241085974724676,-0.018596408323021823,-0.11226425417893257,0.01934918917325394,0.0031775248362632246,-0.11147917102520832,-0.013663317010444308,0.015538628254883427,-0.11570455160936355
-0.020802208875491134,-0.017491130225036202,-0.12484668819488212,0.02537131990206352,-0.00940090751690853,-0.12609593587587695,-0.0048540947717455795,0.02723959560969012,-0.12673623798458897
-0.011886158015844165,-0.013174439811657172,-0.10771624275090678,0.017457174333833973,-0.0037244360047581533,-0.10888945762565216,-0.0056736512516395035,0.016941308221449857,-0.1089268188465109
0.001609874098064401,0.01058973085999667,0.052894778685466326,-0.009296205839861432,-0.006960660096116955,0.0563174683726686,0.009181279506300516,-0.005334192353358136,0.05246302167982719
-0.0017289223143670787,0.01064912399596038,0.05647253491377746,-0.008242348784796695,-0.007462877747200287,0.05688526096787605,0.009921205753059579,-0.003826796045676891,0.05480187503923428
-0.003656478377885614,0.01194073694013312,0.06771387480772224,-0.008339907779933629,-0.009811743169091194,0.06904686748191817,0.012159603793058138,-0.002667992670035305,0.06716081408140913
-0.010102100182949061,0.012737708093457083,0.09475711639739876,-0.005763082817662088,-0.015686249543925886,0.09547259010513898,0.016637559676088452,0.002351477037270648,0.09704469389988923
-0.000625285468534853,-0.00019031221453133656,-0.002424999999999726,-0.0005935359553045638,1.5857459116641603e-05,0.00029999999995311555,0.0002592007105894911,0.0005720737795769648,0.0004000000000559112
-0.0011210836302560307,-0.000738660245146744,-0.0028875000000004973,2.2426182041031712e-05,-0.0003081755858064867,0.0013374999999538062,-0.00020394102593727462,-4.212673363232808e-05,-0.0014749999999619234
-3.0647559866909494e-06,-0.0003349366619227818,-0.0010916666666675526,0.00034195957822435216,-0.00031866906748112545,-0.0009416666666872686,-0.0005107799707369996,-8.247408236508999e-06,-0.00220833333329414
-0.00065937670831009,-0.00019499249128684492,-0.0007875000000006332,0.0006333245548120028,-0.00032476428873793787,-0.001806250000013776,-0.00016128427379527723,0.00017133548778285558,-0.0011687499999801787
-0.003683264523435259,-0.013488094581442546,-0.07374858159946122,0.010819513584198193,0.006557492239531171,-0.06873682083914368,-0.011573669772921985,0.006499051558910007,-0.07359476629797967
-0.007705068735227212,-0.018603215795719087,-0.11065638569052585,0.019142700710470126,0.0033268334401049936,-0.11016735978750525,-0.01233101607266449,0.015544604247682805,-0.11286477495104918
-0.020360975626806794,-0.017547752282688275,-0.1199637256887384,0.02532636132672709,-0.00854973891524502,-0.12170549021313833,-0.004615681864347203,0.026914427137049036,-0.12592007343972256
-0.01803747922469062,-0.012672155123841561,-0.10521606968599473,0.016813036207721423,-0.0028349294802856714,-0.1042695861988241,-0.005518174699264236,0.01737553964058677,-0.11044269207463042
4.8206647909609934e-05,0.010532171413866346,0.0541216529377217,-0.008847930932247283,-0.005778205227874311,0.052739941753809916,0.009527905942087467,-0.004795645714220087,0.053171536780505235
-0.002316694843780399,0.010697267999042812,0.05611468612586865,-0.008342056520205872,-0.006941961237892801,0.054914371343306456,0.00993623689275284,-0.0035484825284198213,0.05558297148773317
-0.004142605414808201,0.01164711016066437,0.06626585557771839,-0.008253193232955163,-0.009155405778608905,0.06491729188020656,0.011765919844071524,-0.0021037390267042433,0.0652973908250291
-0.009964456680904813,0.012458206507396624,0.0930603742250901,-0.006398297508178476,-0.014817901678471225,0.0916926359203929,0.016003493579373595,0.0019549383199567393,0.09290147226383993
0.0021858013887904315,0.0004653708667053994,0.0013999999999998367,-0.000428753546419941,-0.0002498042507015352,0.0003000000000419334,-0.001433084438756671,-0.0013346905506500528,-0.001125000000001819
0.00027776658402688266,2.4874996641824658e-05,-0.000262500000000437,0.00010072931132717085,-0.00010224608314950917,-0.0008124999999914451,-0.000218198781886916,-0.00019459837579301661,0.00027499999997182556
0.0005353770711341577,0.00011056181432937105,0.00018333333333290884,0.00022169878500966872,-0.0003874935596063857,-0.00012500000001007075,-2.4484822401725304e-05,1.4162448021865742e-05,-5.000000002179187e-05
0.0005263076299353765,-1.4835523324009211e-05,-8.750000000023981e-05,7.523656031808332e-05,0.0002696190248081309,-0.000968749999996632,-1.1949881541897362e-05,8.298613206117613e-05,-0.0006500000000242423
0.0008721083058840784,-0.012915274116347185,-0.06825996503056427,0.012326181885517068,0.0063902641696395035,-0.07672133997842501,-0.011724149970700204,0.005401747979708049,-0.06885859621084123
-0.006164494383993481,-0.018431573390251588,-0.10824019218869356,0.019910350002902054,0.003193681490080517,-0.11330724320428587,-0.012723078817435582,0.014848384813225443,-0.11135128332937505
-0.02043473136414259,-0.017281596639475087,-0.12281737766221526,0.025715214505124602,-0.009034293809143707,-0.12471886231955424,-0.005037407865443203,0.026480487332047525,-0.124460417946833
-0.01122927633714636,-0.012702461957765728,-0.10410310254893154,0.017299781364245873,-0.0031596704900775873,-0.10680793748543971,-0.00530265098964758,0.016649529281303477,-0.10782686531336516
-0.0009308043164776847,0.01085408465396753,0.05303028328835626,-0.008315394993220482,-0.008157100411673723,0.056733016676702164,0.010147881019606508,-0.004718985885339422,0.05396229337488734
-0.0020238482301796847,0.010884779826823199,0.055877092102379136,-0.008057778050120831,-0.008086987484849805,0.057568201296609445,0.010420451269944434,-0.0038167184400226014,0.05657624032870956
-0.004872617269016666,0.01159878316253844,0.06770469730426004,-0.007410586964619127,-0.01020000302211618,0.06699711154839842,0.012301071481062418,-0.0015918588060810051,0.06672115231435664
-0.010546499727594997,0.013042239056955238,0.09507579805476081,-0.005956613120576183,-0.015593928309502026,0.09490281683428581,0.016159869711450392,0.002730704169822363,0.09371653691148119
0.0006228060379018241,0.0005223688568916918,0.003299999999999613,-0.0017012148564206353,0.00044681806269514235,0.005275000000004582,-0.00038567974601499966,0.00022447579571538423,-0.0007500000001492424
-0.00027840394203276157,0.0001841652473587772,0.0010124999999994292,-0.00048284750609380495,-0.00028541057120776457,0.002300000000010627,0.0005572588188303603,0.0008010341667598188,-0.00031250000005478284
0.0006239767310087638,0.0001930678130073865,0.0007916666666661715,-0.000621807062208982,0.0002541970923098618,0.002175000000015359,3.465644882579991e-05,0.0006009699104132991,-0.0013666666667096667
0.0002631430180947896,-1.9835518877412817e-05,0.0001437499999999158,-0.00015649784196033293,-9.182066884459352e-05,0.0010875000000076795,-4.414896124194685e-05,0.0004079120198022987,-0.001037500000022895
-0.0012319738196681085,-0.013808469432898512,-0.07505348193205798,0.01256769250438175,0.006824490077071699,-0.07746089449267579,-0.011999298543990261,0.007301625531544453,-0.07583137187721078
-0.006996566978275911,-0.019408047916175356,-0.11393918717824965,0.020451796005959772,0.0033637123013229176,-0.11579176942511094,-0.01337213217141648,0.015492899938041963,-0.11439193649001034
-0.021024958316510665,-0.017466769575210563,-0.12521399386418347,0.026215450247138932,-0.00944938003293931,-0.12488660581723894,-0.005075748741451994,0.0272258334714682,-0.12401334321697395
-0.01200394976524755,-0.012980786596330443,-0.10797933959671573,0.017256985269325543,-0.003373689637647655,-0.1055013210780692,-0.005618317983543368,0.017008434473797227,-0.1084289915932013
0.0013838239489374904,0.010040826970507366,0.0501036281296803,-0.007766487851022796,-0.006905768649555222,0.053230095653766796,0.010269194004885324,-0.0034376122787366237,0.051629013860043926
-0.0015995635318541731,0.00996031515263351,0.053268571074370566,-0.008751012209919548,-0.00700234492042225,0.05607130870743937,0.010130759917541872,-0.0023839961284768643,0.05272075481985716
-0.0032035561097249715,0.011540250586673389,0.06519830815121443,-0.007567776663126659,-0.009828428617376135,0.06698457044856572,0.012144720032011369,-0.0022757262998079897,0.06511653775245207
-0.00939687849588127,0.012566057707219955,0.09170073939738721,-0.005964002659329013,-0.01509228665309188,0.09273205668969275,0.016136079375509406,0.002348018421189982,0.09231035688445632
0.0012493387511677834,0.0002874989860843597,-1.1726730697603215e-16,-0.0003016804077590751,-0.0001752831879781036,0.002200000000041058,0.00036195747731351813,0.0005127412563074585,0.0006999999999202089
0.00041539307644845717,0.00026532925783219935,0.0010375000000003216,-0.0003945291105647872,-7.029998294913773e-05,0.002012500000025952,0.0004717559243358174,0.0006899664529251096,-0.00020000000007236451
-2.4578692454329296e-07,-9.274956577585496e-05,-0.000849999999999009,-8.113065754826256e-05,-0.00025429104546067664,0.0008666666666989897,0.0003911790477046214,0.0007020419834814178,-0.0001916666667156619
0.00019719815859482224,6.676944739573497e-05,-9.999999999952148e-05,1.063836301361473e-05,-0.00029859189177919445,0.0006875000000183817,3.331057849144757e-06,0.0004561157766524408,-0.0014625000000378918
-0.001309519522714464,-0.01279109058536108,-0.07082181060558382,0.012377168367501412,0.005791313758045369,-0.07394133304230444,-0.010161640671892125,0.006070449490594432,-0.06570156983061182
-0.007188016314647728,-0.018752599914680774,-0.11136314991755505,0.020350729317112584,0.00285570140707662,-0.11472263729928045,-0.012160788036764188,0.014819242699342896,-0.10805282581713982
-0.02111815333168803,-0.018042153324053456,-0.12364783703909522,0.02617028644411176,-0.009274572625686539,-0.12411163898028803,-0.0050447816630653074,0.026439353279322526,-0.12177519860250285
-0.011405571677873774,-0.012756376893838782,-0.10381507909191297,0.01718962773131312,-0.003963008226522635,-0.10748363014047857,-0.005371034353338516,0.01641235913799781,-0.1052309371611937
0.00018506676765367436,0.009668919188574644,0.05027374007910394,-0.006717500149570899,-0.0076517698057859684,0.04990680048511109,0.009316082506042461,-0.0053935078454803165,0.05441161939501171
-0.0017566415475598093,0.010407656671013753,0.053830913712612914,-0.008255579722871782,-0.006781354981021886,0.054976309039966864,0.010581952044432734,-0.0033727850373853497,0.056853196043649135
-0.003682879085160708,0.011624434595517442,0.0656632041846201,-0.007711169322662565,-0.009571225281215194,0.06646669588373418,0.012139418418370063,-0.00226126940287246,0.06651546465764231
-0.009632040769619321,0.01252583036573485,0.09209548884431393,-0.006245984260690247,-0.015422817569466367,0.09366744895722423,0.016205031263940673,0.002210432158521984,0.09362946369926295
-1.3952761793167845e-06,-0.00042280943038796047,-0.0010000000000001453,0.00039749576578526624,0.0005866204587159918,-0.004150000000002763,0.0009978765177637294,0.0012286867284022618,0.0014999999999432134
-0.0013904683735336636,0.00029249431383324576,0.0007250000000002851,0.0004964912897121371,-0.0006757818274601609,0.00012499999999526779,0.00031788785218805286,-0.0004986187140892322,0.003037499999969384
-0.00035724057535768683,-5.922310679553749e-05,-0.0003499999999994001,2.214319736499564e-05,-0.00040068602186194013,0.0013666666666800609,0.0007127173307076652,1.3210579654008927e-05,0.0034333333333099367
-0.000328947368420286,4.1427935643393486e-17,-0.0003249999999994765,-9.71382923593614e-05,-0.00036309590314975715,0.0015000000000098268,0.0006357239964727146,-0.0002703185684212257,0.002881249999964197
0.0001530315319603348,-0.013331190056147208,-0.07186268130843607,0.01226079428551241,0.006705331709128126,-0.07651022410595232,-0.010272916432057383,0.007439893827544675,-0.07165292631983178
-0.006704962200695015,-0.01867846115032627,-0.11010184570273333,0.02027873583909261,0.0030012869357955007,-0.11634411108019105,-0.01215878618036903,0.015581517921083187,-0.11229376714858574
-0.020095249022533235,-0.017704824146509073,-0.1207864951400437,0.02608103428098297,-0.009493354039975215,-0.12684604514378398,-0.004667497689804908,0.02696513046821747,-0.12624879125565278
-0.017684514427730214,-0.012540846545658176,-0.10478543972384609,0.017712668009001276,-0.0039994557500128,-0.1110390241868986,-0.005568009007556782,0.01728500700424803,-0.11044743208949992
-0.0010092193684987927,0.011242571838309928,0.053550561355458014,-0.00837421042979361,-0.00702387504600277,0.05492297371612054,0.009385654811688154,-0.003778102954953011,0.04944251830165669
-0.00280969374213649,0.010183115633923316,0.05361397439309319,-0.008368734478907588,-0.007475209472723732,0.05678282976733229,0.010384996354083971,-0.0034127204392380645,0.05477655270813564
-0.004333585896992842,0.011451167130009567,0.06557132083125336,-0.007868007913766033,-0.00953097201108041,0.06768609486194066,0.012499487625983323,-0.001689179296348756,0.0673071029748229
-0.010291351535998403,0.012473698495877573,0.09329042684962216,-0.0061488424697449615,-0.015316446595460883,0.09478777785250081,0.016601924899886756,0.0027681572239570216,0.09532502398353349
-0.0012501504936882069,-0.00013681238963788428,0.0006749999999999456,0.00011316598363952934,6.51780746735442e-05,0.0008000000000230045,1.2855577009168728e-05,0.0018042049272568028,-0.002374999999954497
0.000136882770895852,0.00033715870902784257,0.002150000000000658,-0.00039196847478421376,9.267008557436697e-05,0.0012250000000157968,-0.00032096418196230706,-0.00013454122754466249,-0.0009749999999808523
-0.0007148854228965813,0.0001445072693739663,0.0009416666666674232,-0.0003553618926641474,0.00020588857061505056,0.0005083333333229708,-0.00011109751800761744,0.0001682817280563536,-0.0008333333333017853
6.328994732535997e-05,0.0002590102353036201,0.0012937500000002875,-0.00026880725026507725,0.00022401212883490915,0.0009437499999931376,1.0837530799679448e-05,0.00045163261214468297,-0.0013249999999853657
-0.0021589451323286712,-0.012295881966342202,-0.06879203006206527,0.012578849914870321,0.0048943264739434444,-0.07348312141499669,-0.011017229989303962,0.007643572648756425,-0.07227096647959286
-0.007177734634436803,-0.018163227880351004,-0.10822807214075661,0.020463327710408753,0.003229851412202741,-0.11375372797166605,-0.011801805511334659,0.015701359336769354,-0.10979442841247966
-0.020292871212367256,-0.017635109351960356,-0.11978613932220344,0.025560597495986524,-0.009813008184410872,-0.12491046031767317,-0.004990545177360949,0.026837183451360453,-0.12224457076932538
-0.011578748043587259,-0.013369326984591631,-0.10543676507312345,0.017353865301062043,-0.00411269701077495,-0.1075034808411035,-0.005467534914929099,0.016302535757401662,-0.10343078774668335
-0.002166729329566852,0.010638506366106016,0.05176897263726641,-0.00962416345185596,-0.0048275338455708305,0.053430950420896295,0.009605789211157567,-0.0038528999032824696,0.05219252381385431
-0.0025395880265492257,0.01028282651752316,0.054344237003566984,-0.008427267356932012,-0.006683625843575649,0.0564511941839374,0.010122980752326328,-0.0027942051011401827,0.054049927098520634
-0.004327979374102057,0.011053239778620641,0.06369957124423167,-0.008468652002526935,-0.009010698520894669,0.06560072109002373,0.012037500024046683,-0.0019108710449978433,0.06440344947624688
-0.009771804187795826,0.012455282581772061,0.09078075384975884,-0.006024167715836044,-0.01425059090853004,0.09096015611356201,0.01566433875892646,0.002136045042448377,0.09002112886077884
0.0028113139349389416,-0.0003888725883313123,-0.001374999999999852,-0.0003956806978767935,-0.0002304025699811918,0.0031749999999775014,-0.0017094165181419374,-0.002259549796185256,-0.0029749999999495458
-1.3866654429644458e-07,-8.666651875558206e-05,0.0003375000000004228,-0.00032180849533461033,0.0002949729636905454,0.0009624999999680028,-0.0001720490553281446,-0.00022138661913572043,-0.0008249999999598856
0.0007141616488043345,6.706234698588836e-05,5.833333333370878e-05,-3.140074453035689e-05,-0.00032864030485659147,0.00046666666664307854,-0.0004081438547122253,-0.00027836475022643574,-0.0005666666666274504
6.578844210777082e-05,5.157894599371912e-06,-2.4999999999669296e-05,-0.00028087916409841025,0.00029323549490198184,0.0006124999999856939,-0.00016737744122056957,-0.00013098616517752916,-0.0003499999999823089
0.0005331004680891871,-0.012978937119690783,-0.0702971723899769,0.013300600749475283,0.003156574135070034,-0.07390725268989762,-0.011569165272763693,0.00736104411540317,-0.07623531045810594
-0.006322201635085135,-0.019184153000100863,-0.11216891597327634,0.02021866759159831,0.0022884086977900983,-0.11272921212450715,-0.012395469999186096,0.016014402998476562,-0.11419174867417503
-0.020408293329805916,-0.017723642247939486,-0.12220391171731124,0.025635445821697373,-0.009757542384306237,-0.1245856771379487,-0.0050660154708904405,0.02674874894004842,-0.12421890890053078
-0.01123045037918666,-0.01297729006669673,-0.1050833629201164,0.017253568165306665,-0.004085100746474192,-0.10717900277813497,-0.005626851589747353,0.01655966773142759,-0.10728643705077978
-0.0004530687252937704,0.009752435346610853,0.05152479484651347,-0.008422128092166331,-0.005842937110943358,0.05255152151137921,0.009572562836700216,-0.0038222898818621176,0.053731993553185475
-0.0023888817966061853,0.010172832671180338,0.054482899953889254,-0.007645989400116416,-0.0072109227237845035,0.05439744366158017,0.010395458018288653,-0.002930044384449573,0.055894908689291256
-0.00433237159425908,0.01135212314997765,0.06602031421287416,-0.008094671604150425,-0.008848148402492468,0.06483490175795599,0.012119432396679114,-0.001720023863624068,0.06672486800896789
-0.009632956314119184,0.012831383376380885,0.09151596430041205,-0.006341648622700491,-0.014652182568590414,0.09171499848437126,0.01617275144583478,0.0018923782034002982,0.09301004883242592
0.0012478041438654386,0.0005291189247840244,0.0014500000000001265,0.0003080553418362275,0.0005360443115429159,-0.003424999999879219,-0.0014454781032680053,-0.0006005878824752453,-0.003449999999993736
-0.00041942516752922917,0.0003885147207859909,0.001437500000000342,-0.00024131677445656438,0.0005021395491849261,-0.0006624999999260694,-0.0009239940318875625,-0.00042173878775056097,-0.0031000000000336314
-0.00018053380208231978,0.00026340096775845546,0.0014583333333332519,0.00032763638153414176,-0.00012178074438159594,-0.0008249999999302796,-0.000566454169288942,-0.00018340545655407388,-0.002033333333351095
-6.578892518479949e-07,0.00013157675439695992,0.0009625000000001112,-9.26366175121435e-05,0.0003260555303559527,-0.00011249999996021387,-1.7819610147842396e-05,0.0003155065875562614,-0.0004250000000149967
-0.001325396509654908,-0.014286417653387732,-0.07508995151909695,0.01154880265365546,0.004830615516648873,-0.06891464173426343,-0.012003840373066288,0.006073908141973616,-0.0728540290688251
-0.0071003298448187495,-0.019015962212052477,-0.11247924129952609,0.0189770424807179,0.004103980288559332,-0.1098455596986847,-0.013589615295375414,0.014819984833422395,-0.11286365623477401
-0.020762627704362758,-0.01763367725303236,-0.12312590356281321,0.02573908516511065,-0.008344298385631095,-0.12060015793703045,-0.005371443989632804,0.026777026669456475,-0.12332995133922016
-0.012133532900640164,-0.01304663904395266,-0.10800882737271997,0.01667942048339032,-0.0031055312835795872,-0.10411457465487883,-0.005964890100066868,0.016462414636930402,-0.10599996398013012
-0.0001490367916370805,0.009756429675389429,0.04940263998612485,-0.008433642492509247,-0.00667167108230754,0.05457421933297013,0.009445495815101068,-0.003765644817271818,0.0505283854948857
-0.0018780234140252589,0.009935842666155052,0.05355834890706852,-0.008570882692560431,-0.006380678102111774,0.05460521205584712,0.009911443897060106,-0.0032646120050728988,0.05470993682172853
-0.0038239945129719954,0.011202622981871007,0.06497283505189859,-0.008114025821827353,-0.008957107875370256,0.06495833099702253,0.011915666664928671,-0.0028027505105863793,0.06550481987204944
-0.009202440288522568,0.012971578783351229,0.09121191202828868,-0.006452044919205409,-0.014284458516924912,0.0898936475671297,0.016075976075928176,0.0018408115485681418,0.09308279509250839
-1.0986874326990304e-06,0.00037243533924551054,0.000824999999999949,0.0003287479610931954,-0.00017140885073818612,-0.00224999999991482,-0.00011089536840896974,6.417341676112631e-05,-0.001600000000046009
0.0002769378402619112,-0.00021816451082290044,-0.0007000000000004075,0.00034843624949518513,0.0003567766958811891,-0.0021499999999452513,-0.0003091680797792959,0.00034280334157113203,-0.0016125000000144496
-0.00035716840267120887,-3.0053556952882683e-05,-0.00016666666666712265,9.882845131346598e-05,0.0005682380993342935,-0.0011583333333102057,0.00011802577754016497,0.00034440843130597746,-0.0005916666666827552
0.00013022585957980928,0.00019057254270963953,0.0010374999999990208,9.018309387057897e-05,0.0002026031899778142,-0.0006687499999769031,-0.00014529624660729543,0.00016169160089788006,-0.0013250000000075701
-0.0009983343554897939,-0.012603924858559325,-0.0700818818824613,0.012002979083925586,0.0053064610424855,-0.07235224991011258,-0.010913347773817972,0.008000869007158962,-0.07253619996863137
-0.00599234809271919,-0.018289631471354355,-0.10785858871650575,0.019704370848051555,0.003810743276593747,-0.11230344153305705,-0.012501565393483214,0.015970150316713734,-0.11306393836765238
-0.019487702938018134,-0.01737630910573799,-0.1616748292125233,0.02527047541576329,-0.009117492597566858,-0.12405017513422711,-0.0047248995037786025,0.026531147991709934,-0.12383254545863902
-0.01169520260751645,-0.013108959406564015,-0.10781590934528382,0.016921965872219436,-0.0034232874961579334,-0.10610428114928572,-0.00525200689522799,0.01637671480213667,-0.10494819539543787
-0.003004904087458571,0.010024250913734113,0.051935070316977285,-0.009814056509672292,-0.004161015717082939,0.05375347520537588,0.009172339973634314,-0.006339191922680176,0.0544737798493955
-0.0026892690348223613,0.010336549869666027,0.053525504909934726,-0.008541305855981772,-0.0070282695612575476,0.057125960777204554,0.010377496420484652,-0.003907640388418744,0.056849061700114945
-0.00472186675978814,0.011176773694976506,0.06514641214439375,-0.008236155122688263,-0.00929653124227924,0.06664227780846706,0.012056880215254012,-0.0019133169812747739,0.06684469536401376
-0.010289260546664236,0.012899053569134733,0.09344388981694371,-0.006163568383471686,-0.014866083785965241,0.09303200144772372,0.016196793371697975,0.0025889182876308826,0.09455626224877389
-0.0018755898740438481,-0.00026812413485075985,-0.0009249999999997099,-0.0005561781284725564,0.0007613288627583703,-0.0007499999999716067,-0.0007473022946256902,7.491984258672924e-05,-0.0014750000000063324
-0.00013918277725714448,-0.00012777732714863054,-0.0007249999999999441,-5.254743446542815e-05,0.00045012348588570187,-0.0003374999999916639,-0.00011514711242061665,0.0003890481214469727,-0.001412500000030903
-0.00035779330491822074,-0.00015126599252127617,-0.0005666666666665682,7.987941750414729e-05,-5.703385272393113e-05,0.00015833333334806335,-0.0002558937411184118,-5.7264040041550756e-05,-0.0003416666666922197
-0.0002632514696247099,-4.924988147176963e-05,3.749999999984252e-05,-0.0002214480197709464,9.91699113310996e-05,0.0010375000000006906,5.048044554443655e-05,0.0001988948793046604,-0.000550000000032469
-0.001231157703000807,-0.012250328276901881,-0.06828046967481652,0.013193417697787702,0.0034351215390734935,-0.07164988025132324,-0.012169396928104342,0.006628948755971198,-0.07513788363979756
-0.0069051793453302045,-0.01796118699612517,-0.10937692446404257,0.019482739671684887,0.002798407666250909,-0.10988339706616834,-0.013671293018292322,0.015786952348012837,-0.11643868818409508
-0.019745115558892152,-0.01790640632502814,-0.16224892276640857,0.025594376876139857,-0.008978863834247943,-0.12100218635689997,-0.004360311751344857,0.026773876062879755,-0.12634010437633236
-0.017606717820924645,-0.012028596872651547,-0.10703102531420741,0.017598738311652286,-0.0036410638968444554,-0.10709785587880438,-0.005432886807474335,0.016963716622893293,-0.10879711818221338
-0.0029783207165026693,0.009860966801605229,0.05113612149398705,-0.009552705737474881,-0.004744569804322751,0.05371198438135494,0.010059942094881036,-0.005019486563014042,0.05587415568788501
-0.002797447135136386,0.010232990923476005,0.05395735716183153,-0.008253049774576169,-0.006843722109344746,0.05451303516674777,0.010634658053469847,-0.0038437881219106134,0.05678367250652183
-0.004308293668774309,0.011376255544864199,0.06511353064273843,-0.008171480720239679,-0.009253196970030306,0.06692912825038515,0.012515227502334917,-0.0021873292811526645,0.06789831721067212
-0.010150825857258017,0.01306774294074053,0.09290833367151766,-0.006216817200692758,-0.015489457858810687,0.09511353992806004,0.016422627066723944,0.0028230981552044756,0.09511232062147101
-0.0015646528001359017,0.0005187440439058787,0.002774999999999899,-0.0006416424840754997,0.0010729198832853948,-0.0006500000000464468,-0.00037831748740668747,0.00022016544383440806,-0.003200000000092018
-0.00027780160207707065,-3.665276745407382e-05,0.00032499999999942904,2.047370419187998e-05,0.0004915309074482455,-0.001100000000020529,-0.00017100270003869402,0.000908218355904427,-0.002700000000066538
-0.00035720827183473503,4.8455298269542185e-05,-8.333333333355863e-05,0.00018449991306263014,-0.0002028848637603791,-0.0006750000000129338,-0.0001596511233135724,0.0007188968315343816,-0.002416666666693601
-0.000592286369312318,6.834178530858083e-05,0.0005499999999994624,4.089879460100754e-05,0.00017489458537406062,-0.00020625000001217586,-4.086873115658357e-05,0.00040594982900064494,-0.0012937500000198554
-0.0018283452540984735,-0.015158204825409069,-0.07939104934305781,0.013283800165783677,0.0057613407195011845,-0.07837679512570084,-0.011662816304106732,0.00533867795970977,-0.06865526604480365
-0.008713172111583943,-0.019663524910455928,-0.11899113640479994,0.020858213745896078,0.002382095835498335,-0.11646300119700914,-0.01280500125406783,0.014545779132855522,-0.10932941486623271
-0.022449122775026316,-0.017715144909104894,-0.12942081967953378,0.026311103093665116,-0.010426731210891327,-0.12923013134595132,-0.005527677051754157,0.026320728396286158,-0.1213402809106275
-0.013065903742928688,-0.013416352820589167,-0.11216868290042634,0.017824882161961132,-0.004699992168884518,-0.11201054181197434,-0.005799885552564072,0.01597705159281013,-0.10409900701908725
-0.0014711783829571279,0.010223865146033314,0.05097358506791645,-0.008443713048436607,-0.007063342004239026,0.055239276211338506,0.00791924232674407,-0.007189262103100835,0.05108002823046576
-0.002609591303141349,0.010030020900315897,0.05346941712073914,-0.007871105507037093,-0.007680906701014302,0.05674820495724653,0.009777907595704774,-0.00378636624231062,0.055094012453871244
-0.004554517005085436,0.011265287595055353,0.0657673561015098,-0.008080581091408714,-0.00940335893312934,0.06654967668463148,0.011943189916587974,-0.0025738120954799104,0.06628717036214482
-0.010230099627444414,0.012812831273755486,0.09449912290837063,-0.005963142895928189,-0.015095255543532205,0.09320915326982426,0.01594923347572366,0.0018528477006227028,0.09283530654797811
-0.002188709300687819,0.0003839037104651893,-5.00000000000108e-05,0.0008972095742153241,-0.0005668358624422165,-0.003349999999979758,0.001454486843233821,0.000254746509352477,0.0038749999998977103
-0.0002778716666114918,-7.222214085187151e-05,-0.0004500000000001595,0.0005711295575422998,-0.00015509171613945248,-0.0016374999999957396,0.00031127749937508316,-0.0003361493860765119,0.0022624999999276696
-0.00017857464285659614,-1.071428507145436e-05,0.00015833333333298427,9.884222836340337e-05,0.00015927761751585327,-0.0004333333333346919,0.0004512930991595491,-0.0006566278331859061,0.0027416666666132037
0.00019731926154412834,-3.641442944064351e-05,-0.00016250000000008765,0.00011767376553144176,6.712554354903448e-05,-0.0005937499999886242,0.0004954705738717463,-0.00012349756865394137,0.0019937499999622688
-0.0021763311188055523,-0.012224886096160984,-0.06769497268098486,0.01277222231553174,0.005291559491457654,-0.07433656781143938,-0.011491942614624134,0.009362611410095034,-0.07808447678483432
-0.0068520418256526015,-0.018163474976735174,-0.10944111249873592,0.020400475255209598,0.002854644265069971,-0.11386481786590519,-0.012810626939278714,0.016613054569676138,-0.11579722849024421
-0.020134432881883886,-0.01750715945769581,-0.12096521825597056,0.026297854880592126,-0.009705422902080152,-0.12442558530313397,-0.003952419267910591,0.027632039142672513,-0.12899785652799403
-0.011219857082535423,-0.012966878080777032,-0.10472175083153452,0.01718616256499796,-0.004003725365745038,-0.1061017354920396,-0.005073097353214116,0.017778190225159637,-0.11145026407741732
-0.000238815266763448,0.01032912614836565,0.05339694802252517,-0.00929581405672425,-0.006556316233793935,0.05596457881180683,0.010063357567410836,-0.0059998513933165465,0.05644557853883292
-0.0016370738302986768,0.010482311016510952,0.05517306491460329,-0.007631663900840395,-0.007824815889539982,0.055717190767534674,0.010090209476654795,-0.0028996178723650345,0.053817304228931384
-0.0035303810102527144,0.011439528990430234,0.06457890784268587,-0.008282422495802562,-0.00971083647701967,0.06783655060115616,0.011518275699299264,-0.0017522988277935653,0.06335761974167002
-0.009475345757676163,0.012824337303760976,0.0914810370126274,-0.006167652967812766,-0.015098224797043036,0.09243133898990674,0.016035294044564614,0.0019642407276824377,0.09266160998512851
-0.0031252388748431725,-0.00017062477705008245,-0.0018249999999998823,0.0004148102691059474,-0.0001221621570013376,-0.0019999999998354667,-0.0007440732421246099,-0.001735021748813792,0.0013249999999409567
-0.0006978678463442911,-0.0004360931951606828,-0.0011374999999999927,0.0009202122732236232,-0.0007554431070483986,-0.0021499999999008423,-0.0001536820825660041,-0.000552350601352848,0.00047499999999978115
-8.962459001932948e-05,-0.00011110645380900669,-0.0005833333333333848,0.0003928282230505104,-0.0001875569412477875,-0.0011333333332845068,-0.0003220091668121713,-0.0005357719530232499,0.0003333333333207141
-0.0005926045441452897,-0.00011347221964918307,-0.0008187499999998127,0.00018196550012105597,0.00017841737876877453,-0.0014374999999455795,4.291517925966568e-05,-2.4668490845065966e-05,0.0002562499999969603
-0.0031152970070905117,-0.013810066951757547,-0.07484018587477044,0.013739481042045198,0.002967180308365014,-0.07415075424686002,-0.01029535921447805,0.009089824814595415,-0.07538186494224774
-0.008583726493553866,-0.018735058377020317,-0.11416323785479796,0.020310433021676427,0.002410012580262978,-0.11341625685554746,-0.013212886046501702,0.01636568137081746,-0.11541199090814303
-0.0217513110870225,-0.01750334261028138,-0.1265048838255774,0.026011899311377613,-0.009748794917527535,-0.12493206037252531,-0.004078792336094174,0.027522035956761563,-0.12767213215285622
-0.012632789673865769,-0.013397883984012897,-0.11033417525259408,0.017653407815014635,-0.0038526444597437068,-0.1073969982112788,-0.005131047157352908,0.017517545757574245,-0.11029118890804046
-0.001438523879543352,0.00994961577861346,0.05255900352787261,-0.00850074948606852,-0.006721828845139555,0.05371680288348557,0.009480089885778586,-0.003449390881773984,0.051653485401326193
-0.0012147981777023266,0.010943290338501475,0.05491370460942076,-0.008438103293855994,-0.007103636777574159,0.057344544329795966,0.010230592064338104,-0.0038782365724286828,0.0560671474124641
-0.003698025342030453,0.011535161729345473,0.06543653645609394,-0.0076477311036701745,-0.009714446475706557,0.0669325079394767,0.012082252664632491,-0.002613171399365455,0.06645753286704803
-0.009408749400633146,0.012855981776547893,0.09148166148890921,-0.0063723051686777115,-0.015263550756596724,0.09467031610399523,0.016141048804687596,0.002120671306922523,0.09402359168209085
-0.0006398975241142524,0.0013542657497272123,0.00504999999999946,0.0010274857319657327,-0.0022941559791808674,0.0006750000000721457,-0.0004098771803316692,-0.0004849282226951357,-0.0005750000000581679
0.0006835751977950376,0.0007847329713891349,0.00422500000000039,0.0001060859477841008,-9.916294991314029e-05,-0.0006249999999763389,-0.0004934610886405924,-0.0003553173809345278,-0.0010000000000065512
0.0003458513391131029,0.0006396796309522858,0.00284166666666672,9.35495824733972e-05,-0.00025535395329980205,0.0007749999999973056,-2.690590991969285e-05,0.00032597977312317665,-0.0012750000000079826
5.7914206765059306e-05,0.0004551723261915966,0.0023124999999998746,0.00027717457923658257,-0.0005236988538454878,0.0003562500000109381,-0.0003767111956842469,-0.00023644695836792722,-0.0012499999999970868
-0.003247769264129452,-0.012928175439468701,-0.07241544173140939,0.012645834717245341,0.005196957676714686,-0.0748337155853207,-0.010625452509037403,0.008585108237826877,-0.07564081170778891
-0.0073378959689710905,-0.018971849757499097,-0.11163789279747763,0.019962328744210393,0.0035434163140798023,-0.1138694025673237,-0.013627753745961332,0.016365065185480136,-0.11814873578663843
-0.020822011274647834,-0.017832922362312768,-0.1223391519648672,0.025738063882689916,-0.009268105954779449,-0.12421481146238644,-0.004670961841237878,0.02768723975857901,-0.12689874765981676
-0.011808192227841128,-0.012735323400648842,-0.10538394164176763,0.01702997254178112,-0.003483695822910287,-0.1059709196601838,-0.005327588513716707,0.01715896080740872,-0.10934018096446785
-0.002054574610332871,0.009971039407059361,0.05209175272464213,-0.009125007650257616,-0.006814568695716339,0.054348278510296666,0.009711609997058862,-0.002899042265899765,0.051681772753697786
-0.0024140016874526125,0.010342809556653973,0.053459224822030506,-0.007542680030033099,-0.007919330295933872,0.055400642007574774,0.010584874564997022,-0.0032993558648805907,0.056001198498689675
-0.004331203842312352,0.011057263464135023,0.0639980867509326,-0.008027149274319825,-0.009724071145919158,0.0671751296711302,0.012476187829640216,-0.0013299794384017247,0.06720119801599071
-0.009503161905025823,0.012925023246010824,0.09022747141335521,-0.006077418672701571,-0.015116317636746224,0.09246359173729068,0.016248801145582126,0.0025817094134315457,0.09328716168177098
0.0009363693783959182,-0.000376872738754041,-0.00167500000000015,0.0020174725711419317,-0.0024462529159413604,-0.000550000000032469,0.000944993751632317,0.0012589652957917252,0.0015499999999946112
-0.00027844471949749975,-0.00019055399935564857,-0.0011750000000001523,0.00040130476724094716,0.00022737940419403913,-0.002325000000036326,0.00010671369023779804,-0.00069913061203877,0.0012624999999655273
0.00017756822368042435,-0.00018928216961514618,-0.001033333333333338,0.0003519022120527079,-0.00010813579896002639,-0.000716666666692826,0.00033502971340546424,0.000322612265977026,0.0010499999999543281
0.00019536667024203238,-0.00023008049499123614,-0.0015062499999997808,0.0005288368302019952,-0.0004567204687631522,-0.0011562500000117382,0.00013313880638462914,-0.00022653217702111857,0.0011999999999678934
-0.0019390839981203722,-0.012716618281303752,-0.06927680575881352,0.012346423272822926,0.0064047146560788915,-0.07677341142153793,-0.010476233114738165,0.007604234180211278,-0.07235594732390993
-0.007807247035338281,-0.018348313949987607,-0.1111122865727466,0.02059614424792123,0.003207734400459097,-0.11685408825052868,-0.013005736544746065,0.0157186894547597,-0.11441167620489523
-0.02076653127564668,-0.018085014453366022,-0.12201883209470657,0.025250916067930625,-0.009547344448474335,-0.126603606656898,-0.004110754196439058,0.027108687761657785,-0.12856568827442535
-0.01132031212377508,-0.013019499552793884,-0.10371833835337078,0.017183390018482212,-0.0034582645638562455,-0.10655246922611217,-0.004890240227050324,0.01729506174302841,-0.11066912324331213
-0.0011312587091943938,0.010108718861424264,0.05195718997034946,-0.008952148962813877,-0.006674588380259361,0.05654775573757931,0.00919558304515039,-0.005001578772034776,0.05456000777677161
-0.002429943112092831,0.010720677458494289,0.05552981846814285,-0.007735913178618597,-0.007963380809587287,0.056492331639645954,0.0100512253025946,-0.003273218845486111,0.05565304364898438
-0.004642187471236093,0.011124136434287455,0.06464903423633846,-0.007530682116244081,-0.009722148656070295,0.06627633425824915,0.012225217569909519,-0.0027242385104768252,0.06727014233982587
-0.009858952804767849,0.012907152300654206,0.09270562243236018,-0.006282348469124168,-0.014930969200385596,0.09197625994721292,0.016128086612188577,0.00235315155438626,0.09513608616273372
0.001873363807074202,0.00045449607313027504,0.003274999999999717,-0.001656345027092887,0.0012024221365258825,0.0037000000000730893,-0.0011844012033079832,-0.0014805074875987034,-0.00052500000000677
0.0012479500246027125,0.0003416584667257703,0.0007374999999994788,-0.0007407333741799027,0.0010153499354101678,0.000550000000032469,-0.0005239651217101324,-0.000659423901659221,-0.0006500000000020378
0.0004464285714334786,8.772744435654138e-17,-0.00047499999999982485,-0.0003924350186747051,0.0004948431924480959,0.0001583333333776693,-0.00015093437950269056,-0.00022214030754546293,-0.00047500000001458414
0.00032844692125120085,0.00011504460133111592,0.0008437499999994829,-0.0002487601981027739,0.0003881284781450784,-0.00020624999996776694,-0.0002609555207463246,-7.568525631364651e-05,-0.000693750000002602
-0.00219284869455022,-0.013805188190972362,-0.07413109538583092,0.013894738906606446,0.005282961375960293,-0.07976555756421533,-0.010526400765837468,0.010996185042168316,-0.07975204044452511
-0.0074915199955418975,-0.018512534345956424,-0.11227868886704515,0.020587468502502038,0.001980112865985268,-0.11616297318151059,-0.012187302174620126,0.01755600374684887,-0.11831409637159673
-0.02062515773014411,-0.01780794269840919,-0.12219473525405125,0.025779501085533046,-0.009724979245820982,-0.12490331913287411,-0.003869568839081588,0.02807109091996729,-0.12893979136444264
-0.01759619840446585,-0.012222849423168924,-0.10547368447409693,0.016882963284327736,-0.003778523129696328,-0.10470950543264301,-0.005059877593991139,0.018067967510378185,-0.11226974933080669
3.76560148757088e-05,0.01051408455180036,0.05163740859530043,-0.007468899413703295,-0.007459338080023636,0.05379216292977773,0.009565287268541861,-0.004148289921256099,0.053730587891642756
-0.0014672831378299061,0.01074350551045939,0.05589712605002772,-0.008569965327962566,-0.007187304008631089,0.05649457018992443,0.01011794136004246,-0.003022987922664101,0.05398924920674286
-0.0036243726318794084,0.011489607576989478,0.06514368751410375,-0.007373793265036994,-0.009688527381659928,0.06547347935749552,0.011911089570513136,-0.002552708662451053,0.0650594850548784
-0.009368914893530183,0.012899272432554515,0.09243908215188906,-0.006095769401792829,-0.014723594561128423,0.09074239536150941,0.01561488997810739,0.00214696956553862,0.09180079994346446
0.0021862410869780136,0.0003996536062791529,0.0024749999999998124,-0.00029777594959257137,0.0023463239264900904,-0.0032749999999026613,0.0006467074211737034,0.0014310672872136498,2.500000002569891e-05
0.0009685681601818214,0.0004539109452531889,0.0019500000000000981,0.0003463729490156399,0.0009887367437566574,-0.003037499999924975,-0.00030005278264337115,0.0003373714425109537,-0.0015374999999817618
0.00017589531395102918,0.00030759162123572087,0.0015333333333331694,0.00016986486194422605,0.0005052715394931224,-0.0023166666665908053,-0.00021317270841096438,0.0006469569207678034,-0.0020500000000052885
0.00039243809522348486,0.00024716995813127754,0.0012124999999997663,1.2873647032898985e-05,0.000535819060293611,-0.0011187499999509853,-7.575139633181642e-05,0.00027342368261769405,-0.0008687500000048587
-0.0026881900471176223,-0.013160965822522453,-0.07465656846306785,0.011908191708234067,0.0069150237611351195,-0.07462792201944346,-0.01242082242642814,0.006031568316015867,-0.07340439417982125
-0.007424811255821482,-0.019052454007715745,-0.11429177784928272,0.01937783972086269,0.0031713636365646477,-0.11189367491950541,-0.013581374981747977,0.01526227331508244,-0.11379761021879098
-0.02054851300397803,-0.018091121580012238,-0.12220061726133527,0.025402157217529562,-0.008958476964926267,-0.12399093437435171,-0.005459424314086169,0.026670346424451964,-0.1231170199448665
-0.011428170692542618,-0.012985936314580749,-0.10469041825258332,0.017021241938325566,-0.0035594037870456674,-0.106779858195033,-0.005632800806821737,0.016562625107322475,-0.10680449207358667
-0.00214514462740234,0.01054000922773849,0.053615728655811615,-0.008846399078950296,-0.006189723062981212,0.05403437835989067,0.009346133063730527,-0.0037284059129782943,0.05013439558658739
-0.0031075555966202867,0.01023276699109081,0.05334697010956189,-0.008423468020000527,-0.006610289660412426,0.05376171607354152,0.010015131435549737,-0.003559209208726161,0.05481698068769969
-0.0044343300861802,0.010787160093714849,0.06276057641562033,-0.007548287541486731,-0.008867127214015811,0.062497591648025264,0.012166742321474465,-0.0027574977784911026,0.0663635793325253
-0.010021161786514418,0.012438447671180368,0.0922836479469855,-0.006559566739694197,-0.01423074066720569,0.08949230099200012,0.015563823024446985,0.0020719224436533137,0.091867986781069
-0.0012568553402064753,-0.0009140282230418134,-0.004374999999999732,0.0006033580829470364,-1.4933399045125029e-05,-0.0031249999999261036,5.955814075253585e-05,-3.434224648407591e-05,0.0014750000000063324
0.0005500847415197531,-0.0005553946300786883,-0.0021250000000001506,0.00023389232109119164,0.00013354500915601579,-0.0015124999999560629,-0.00021633724927830024,-0.0006765112499239488,0.0008749999999668745
-0.0003597482185004251,-0.0003011903327424802,-0.0010833333333340257,7.130973716478512e-05,0.00034870695776337675,-0.001341666666624756,0.0005186853854655908,0.00011795412830401768,0.001724999999967262
-0.0002649041955764191,-0.00021166802683718293,-0.0008125000000006059,1.8450489867652554e-05,0.00023777516063685616,-0.0007062499999710425,0.00017314516991726476,-0.00017348638298895098,0.0008687499999826542
-0.0019114003805414947,-0.012487162234782986,-0.07147304265808492,0.01321042451350729,0.006048437232245019,-0.0778639527870606,-0.010512518942715904,0.009311100676069606,-0.07589620710417577
-0.0060545720876141,-0.01872861607077637,-0.11017605430175678,0.020707094693119876,0.0026257409460945296,-0.11611624013077027,-0.012497403232862426,0.016670278289016325,-0.11614293930222175
-0.01999863434304039,-0.017795831156263816,-0.12033739229006982,0.025662056393421263,-0.00998638837970788,-0.12711019594882078,-0.0038699799164025805,0.027429130084730507,-0.12912843195023171
-0.017443960305699023,-0.012254359223365485,-0.10488831403712633,0.01797119205499137,-0.004304331965934935,-0.11148801518457707,-0.00481142501360037,0.01771254734670273,-0.11191931266996136
0.0006432464258535053,0.010679965806847266,0.054433541580806113,-0.008922836229614817,-0.005463335952034243,0.05420183747615326,0.010004678743413126,-0.003981684156259546,0.05509588920502573
-0.0012992707616670757,0.010333782249120915,0.054225206704891483,-0.008902967475845255,-0.0063912942209137175,0.055318097283318934,0.010348832342193156,-0.003484140998556552,0.055182735557668394
-0.0037251158026611686,0.011049315186903944,0.063190381072159,-0.008346680534561588,-0.00893453591864193,0.06606997996335313,0.011833201568639044,-0.002496023995508602,0.06473723814330867
-0.009060755686303068,0.012538100002327501,0.0902210342930712,-0.005904613586368407,-0.014690973486102809,0.09252537775608083,0.015626753431700745,0.002275934660264802,0.09223628126323047
-0.001258219602381927,0.0010085178397647994,0.003975000000000495,0.0001964722973063493,-0.0006084247849216795,-0.0008249999999598856,-0.0012240582906476727,-0.001095142084128753,-0.0012500000001303135
-0.000558250511536709,0.0003849874234565276,0.0016125000000000458,0.00014254428765125837,0.0007189745373195303,-0.0017874999999722974,0.0003143987072197331,0.0006203878432981597,0.00017499999995784776
-0.0002690941267194776,0.00020965584879322933,0.00134166666666627,0.00021782486820228923,0.00042979041064190274,-0.0021416666666181547,-0.00022950930403684407,-0.00017639814674428957,-0.0006250000000207478
-0.0004006166530953613,0.00038936186073462015,0.0018687499999991773,0.00026694414797275094,0.0003743402439561704,-0.001581249999982326,3.437846758731255e-06,7.403339591956288e-05,-0.00043750000002784617
-0.0007485238414720041,-0.013096595635634667,-0.06947328313964272,0.011238867565082494,0.00703042690582828,-0.07135569111254014,-0.011307103026166054,0.008726681333164066,-0.07462956721067115
-0.006874867499441957,-0.01892075684075053,-0.11138382431277738,0.01909800321394762,0.004221838534638571,-0.11026200595627422,-0.012892036667186722,0.01697715372413971,-0.11758839763005291
-0.020582530082531084,-0.018009232869647895,-0.12111649792385289,0.02556841181194094,-0.007933135298084886,-0.16294183957525168,-0.0035455229131766846,0.027894129678314623,-0.1306747806470554
-0.011369996468241363,-0.012770186294970598,-0.10398605724300236,0.01966371123441629,-0.009245884522933347,-0.1071558717502183,-0.004691610935190976,0.01805515483028338,-0.11280264854720556
0.0014075430387616716,0.009917091640001756,0.049360624988022614,-0.010400984759670329,-0.003841693429283699,0.05480212990915945,0.009007035668136959,-0.005621768849481401,0.051214896573403834
-0.0007764174434210513,0.010168440754575339,0.05199686934809304,-0.008526197042141304,-0.006566906645337027,0.05485913134331,0.010241963261047655,-0.003211352111959837,0.05452430779726569
-0.003747159847165639,0.01110816256118768,0.06433152938802558,-0.008152612544316222,-0.008863491056179673,0.06573730253632466,0.011820647166927684,-0.0016342316005843063,0.06458207703318546
-0.00949655902762528,0.012370702410247656,0.0918416104920027,-0.005942816320639748,-0.014738942390648362,0.09281818307582679,0.01592423269053788,0.0023435732250475182,0.09227984422564006
0.0018738313770638726,-0.0003831538737970616,-0.0028250000000000657,-0.000999388181155414,0.001948803501329588,0.000500000000069889,-0.001383059028050443,-0.002088028801659758,-0.0013250000000297746
0.0001387896639498059,7.34999106976607e-05,0.0011500000000007626,0.00029755933735208114,-0.00030955505259728296,-0.00019999999998354667,-0.0005894850280114951,-0.00045991625951782546,-0.001675000000034288
0.0007129807299456019,0.00021749478003769,0.0010166666666669626,-3.510454961441756e-05,0.0001858026083010175,8.333333341899637e-06,-0.00040760283595762747,-0.00017479392812721643,-0.0014666666666940387
0.000261964894764903,0.0001767380525202026,0.0008187500000001914,9.97952620284944e-05,-0.00017028467471763857,0.0001812500000086814,-0.00034591486074226675,-0.00040763056503198997,-0.0006937500000248065
-0.0010949531446605154,-0.013088611235792115,-0.07294636193396772,0.01253332964686743,0.003865352713350312,-0.07156244960300207,-0.011780048685829103,0.0062737252778596875,-0.07260957835564241
-0.00613826778785483,-0.018508945484286773,-0.11029114547029821,0.019749816493850773,0.003380278746748264,-0.11157442751585922,-0.013197696253969889,0.015181529984038052,-0.11254084271605791
-0.020203017782563504,-0.01783201291674629,-0.12224502259137185,0.025085453565951994,-0.008977202722374891,-0.12153348368644235,-0.0050940428363030876,0.026314336615789805,-0.12273235756457741
-0.011197854467778948,-0.013048018397960853,-0.10547625328718449,0.016710505935500736,-0.0034184954443543174,-0.10427829178198122,-0.005412967164228782,0.01637451539997262,-0.1054594852087698
-0.00039788046813510336,0.009372776019705003,0.04733291376258448,-0.008620504182342559,-0.007226130492574145,0.05576274446292828,0.009158464547548428,-0.00466378775645232,0.05133122401455026
-0.0019710982537989186,0.009844063026385118,0.05160716184860029,-0.008424119874913169,-0.007066951362294516,0.05603747738049947,0.010213612421112708,-0.0031758435083745823,0.0554321982380257
-0.003827967040931357,0.010986020473869472,0.06365800034500974,-0.007798846741299429,-0.009537894682962575,0.0670873691332415,0.011805496481650895,-0.0022989723170262805,0.06511622877396483
-0.009399399901552509,0.012648149075961209,0.09037651745689215,-0.005911871207081879,-0.015144017012147345,0.0940976084864209,0.015756516973835125,0.0018245810119809022,0.0912648867397392
0.0015607716453841514,-0.0004671207367174905,-0.003199999999999792,0.001679656266566354,-0.0015604017027590067,-0.0020499999999756824,0.0006767859455809877,-0.0007430716489065237,0.004324999999916201
0.0005530865023688985,-0.00037128072046638337,-0.001337499999999807,0.0010657312368079269,-0.0006749344745315966,-0.002299999999966218,0.0004082831283120431,-0.0005482815549166334,0.0033124999999412097
-0.00017874771175707682,-7.834794986079518e-05,-0.0001500000000002571,0.000608502804430192,-0.0002722351220583016,-0.0023833333332963966,0.0003047096031684658,-0.0004770961709052842,0.0024833333333103744
0.00026315465493248187,-9.256578191464574e-06,0.00028124999999958294,0.0007389995509216917,-0.0001942104281706468,-0.002812499999982343,0.00012553767941847482,-0.00037256652683270134,0.0011812499999708237
-0.0009948921939686994,-0.012716711441922409,-0.0700901220926364,0.012009555537612765,0.005979625202254257,-0.07300565170491602,-0.012179282481553089,0.007479913353883316,-0.07615171412735933
-0.007150426037312431,-0.018550770037707984,-0.11204149139688035,0.019526420387302935,0.002928709573036937,-0.1115322880010039,-0.013579577047037914,0.015830608955124607,-0.11517800542684142
-0.020545550509510783,-0.01782053336341773,-0.12205173169690757,0.025404400458939276,-0.008641169669246615,-0.12133446594933724,-0.004431533449442534,0.026989871344610138,-0.1267778778323958
-0.011252721704035504,-0.01296224858363778,-0.10443406766219299,0.016671154838818023,-0.0031263671068962767,-0.10362483612563755,-0.00503462250821774,0.01701897765629788,-0.10949689818822161
0.0012786134176989705,0.010699949079831031,0.054028431245724984,-0.008326128854735382,-0.005763955565868395,0.05303437539998512,0.009534543306408821,-0.005130692513191648,0.054981213893912084
-0.001802614769813582,0.010122942171131546,0.05366209866274724,-0.008687481309262014,-0.0062878102324489165,0.0550548201067258,0.0099516229747778,-0.0036907697462180205,0.055556406858414675
-0.0031105836771707007,0.011312180379092405,0.06250467172739134,-0.008197084905379817,-0.00912319442470329,0.06619264295180116,0.012094935941086172,-0.0027708089537959685,0.06711799788224522
-0.00908645461373434,0.012663443866846065,0.0905597387954751,-0.006182535086832343,-0.014478400475984398,0.09085226380547429,0.016371158824234094,0.002152494874142544,0.09478865853511653
0.0012491338769460292,-0.00033312349871867725,-0.000399999999999805,0.00020655437754299455,-0.0009641352499145661,0.0018749999999734257,6.202605658950366e-05,-0.001473527203151026,0.0016499999999197712
0.0002774794810805275,0.0001296939870559043,0.0002875000000003085,0.00013457085460781096,-0.0004035832843104122,-5.000000005139782e-05,0.000331733908682303,0.0002900257112710876,-0.00015000000006537562
-0.0005357825356691207,4.874993630005805e-05,0.00028333333333354396,5.1246748674983943e-05,0.00033744258927580006,-0.0013750000000219604,0.0001373820283665347,-0.00038551660457020187,0.0018666666666315261
-0.0002633758901789787,7.517063117325693e-05,0.00013750000000016977,0.00030708990032312614,9.699218344272926e-05,-0.0013500000000110646,0.0004363185853239149,0.00013230047460928502,0.0016124999999700407
0.0007395505970189675,-0.013476350508598753,-0.07424567586283096,0.011589152305851308,0.005494263464141114,-0.07143646324574426,-0.012113444342445878,0.007386156971114777,-0.07737223981338914
-0.0067778461991056345,-0.018805117050876115,-0.11341499962331425,0.019869269485153426,0.004162879116010382,-0.11323950674422267,-0.012535675242289799,0.016806501165923957,-0.11696862551748843
-0.02067198542426588,-0.01802662573830649,-0.12421530276900154,0.025081579801704255,-0.009166073561924346,-0.12493723269801915,-0.004382713549633266,0.027529285002050576,-0.1268358899529846
-0.011551531885685529,-0.013023018876845227,-0.10709493120829397,0.017314677097016156,-0.003393419119115802,-0.10744458410238689,-0.005124013324306197,0.017104886486040884,-0.10853172597060645
-0.0011632002030262378,0.010276859176987441,0.05027272233682565,-0.00919419472484792,-0.0048762835460139375,0.054556759622403916,0.009338979326849878,-0.005083109800019248,0.05336415997563293
-0.0017380208414315608,0.010469250225678376,0.053935300757823976,-0.009536641735081544,-0.006779749900983869,0.058606084433288075,0.010468768736505367,-0.0035320757577401224,0.05610502579691534
-0.0037916686942160833,0.011604460343304288,0.06537153973985231,-0.00783465566100487,-0.009641122765091461,0.0684081970364403,0.01254807561893243,-0.0016119953640219326,0.06888662501058167
-0.010154094012936847,0.012591777412306531,0.093486773816537,-0.006328926559400001,-0.015106292953242279,0.09458286796601989,0.01677788478244982,0.002608784581143179,0.09631014885739253
-0.000941331021596381,-0.0006902670751617803,-0.003724999999999473,0.00011209290911445846,-0.00029615060288812334,0.001675000000034288,-0.0007167859676915356,5.696596936527465e-05,-0.001625000000071708
-0.00042066038992581863,-0.00046983847979455124,-0.0018499999999997245,-0.00028241293443469976,-0.0003268182481801989,0.002012499999981543,-0.0004951164711152077,-3.129272871074365e-05,-0.0023375000000047663
-0.0004478694660394903,-0.00022513670929224855,-0.0005666666666667414,0.00014600251803981962,-0.0004314544638030414,0.0005583333333447627,-0.00012334653306879582,7.189005218106408e-05,-0.00024999999999053557
-0.0002636174604544578,-0.00010941976584455694,-0.0006562499999999838,0.0002239131588879053,-0.0004785524666612628,0.0004812500000062059,0.00010248380450997443,-5.8542145311249025e-05,0.00022499999996483666
-0.0018754816873689517,-0.012439714887069924,-0.06970734016696936,0.012694557719739041,0.0055554494420434475,-0.0768051826721905,-0.01121239266240262,0.008670911172355134,-0.07666085444464343
-0.006937687795141898,-0.018470242521005518,-0.10962891713058327,0.02087572847105895,0.0034021045477882084,-0.11767487728782111,-0.013241864435336839,0.01660628474803305,-0.11674749873753498
-0.020693536310143815,-0.01783880522575353,-0.12189249208726857,0.026038833917568203,-0.01005057127066127,-0.1282712557054181,-0.00403744766164326,0.027406752372799884,-0.12737854202769702
-0.011598988151237829,-0.013247841812139014,-0.10524387096811091,0.01800419901648018,-0.004228584184079161,-0.11166076610683862,-0.00514305117278735,0.017355238335425738,-0.10989871294122544
-0.0018100569330742333,0.010433293301551218,0.05323050080233728,-0.008116918522021316,-0.007995116505621347,0.05351269097939593,0.008803366949274721,-0.004516835092685523,0.04968996545247073
-0.0020073070120375635,0.010474641564668562,0.05428321494954658,-0.00761273742913725,-0.007975745263850205,0.05615625699637583,0.00978243629154132,-0.003646779733915448,0.054964759000086794
-0.004335419546488972,0.011657302385045058,0.06540105003953382,-0.007435995216985292,-0.009798454285727438,0.06578887250473879,0.011942308295826211,-0.0023923941396156562,0.06668348972371045
-0.010148343163431179,0.012676458218234208,0.0925119555450355,-0.006298122420921695,-0.015182462377967883,0.09262995504943916,0.016271857284187025,0.0020993651410733684,0.09448810437722166
-0.0021921804753549656,0.000761043309954186,0.0025750000000001093,0.00013492658749655884,-0.0002829497035214401,-0.001125000000001819,-0.0009208546331192224,-0.0016334045103635897,-0.00012499999995085886
-0.000424087033983827,0.0006452208872918847,0.0036000000000006326,0.0003587231014117669,-0.00011500060292009746,-0.00054999999998806,8.898393868509806e-05,-0.00037070090146294906,0.0017250000000412768
-0.0007263893602627818,0.0006524128113770103,0.00321666666666698,-4.6752773622776065e-05,0.0002819771287517124,-0.00031666666666652077,0.00031081695827621977,-7.329729674995391e-05,0.0010416666667012464
-1.0466862969916199e-05,0.0005312441070334923,0.0023875000000005567,-1.2405289468909789e-05,-7.1712973132897456e-06,0.00040000000001150227,0.00013149559879635655,-0.0003758494505769571,0.0014562500000092626
-0.0007968252693779654,-0.013355616569644457,-0.07214864084803073,0.013974657951661834,0.004645822987106585,-0.07727703684641263,-0.011288344529448296,0.008786667191576503,-0.07593918951407375
-0.007600972177908745,-0.01873981687348486,-0.11254488794408035,0.02070057924037455,0.002340857828464493,-0.11579903545022585,-0.013316571774361753,0.016432278670586473,-0.11773863136874674
-0.02152840327321202,-0.017949656940358657,-0.12593029820877094,0.02630990122194327,-0.009671797884332796,-0.1257158136726592,-0.004034058742347278,0.027941956125303265,-0.13082831839668074
-0.01240704820336729,-0.013000692623045143,-0.10907995984018752,0.017623694325485363,-0.004012340718913485,-0.10911057257316226,-0.0050023570359157485,0.01804543631384176,-0.1144703920359369
-0.0002933631897961142,0.010647912038639601,0.05222288502422161,-0.010119448095608635,-0.004019812083484731,0.05338563417769393,0.009650659254671623,-0.0035224355476315417,0.05248586847095282
-0.0020372595835316254,0.01036016143907512,0.055264043108326964,-0.008833392939621956,-0.0065294032842829995,0.056346046794830684,0.010101822413483008,-0.0027609920352716305,0.05441982353715513
-0.003964841556210781,0.011265274481282759,0.06444358649623573,-0.007936665476940472,-0.009113645127431711,0.06607507843649311,0.011820493233517148,-0.002156677709320392,0.06492532555572399
-0.009528121125277081,0.01249775327770462,0.09139347470682439,-0.006082955827290214,-0.014286433269305765,0.09052818579071698,0.015880628247634337,0.0021819308645464855,0.09246637130451152
0.0006249188000129191,-0.00010149995669327236,-0.0004999999999999736,0.0010779193444152013,-0.001903573570438688,0.001675000000034288,-0.0017854677539994035,-0.0014891889662457802,-0.002775000000099226
0.0004162687259273095,0.00015016596363747576,0.0007250000000002945,0.00013719339168266002,-8.129279580049165e-05,-0.000312499999965965,-0.0006396677304062706,-0.0004301760445265164,-0.001887500000075093
0.0002667948960346659,0.0001967104616108917,0.0008916666666666354,8.687053464073724e-05,-0.0003626057639665487,0.000691666666696733,-0.0006304336094642823,-0.0004576004214499964,-0.00172500000005608
-0.0001974310124538239,-4.038151426944167e-05,-0.0002187499999995233,0.00015437457954795155,-0.0002907135593936025,-0.00011249999998241833,-0.0005937464089234597,-2.600992218388124e-05,-0.0026125000000432053
-0.0024848621819131833,-0.013645161640624338,-0.07433157642437178,0.012296110770713964,0.005071610803250581,-0.07259937700530017,-0.009843244961674907,0.007876569745858542,-0.0687588232873182
-0.007343328060247882,-0.018296391967526637,-0.11191664015746254,0.019466347329144137,0.0038626191342279923,-0.11171905323772435,-0.013086627875914957,0.014623047473837235,-0.10827117743708037
-0.02015863097961928,-0.017413565877269062,-0.12182018098447858,0.025320321113293933,-0.00849946911384807,-0.12090748142936647,-0.005504781272628363,0.026261790067014575,-0.11912280501065926
-0.017530782076407177,-0.01201214693764432,-0.1056726703323192,0.01678503494243356,-0.003026970370868725,-0.10383173433902715,-0.005687500969136622,0.015813033662186934,-0.10216466161880877
-0.0011977978927185662,0.010402814555815812,0.05366532958347242,-0.008896089155521064,-0.007420221276907557,0.05479374334784737,0.009806452618634637,-0.003927984207278967,0.05147270500880374
-0.002089453942221647,0.010514473312801491,0.05423363849591702,-0.007562891640517131,-0.008121831503221037,0.05638656250779306,0.010530901186791964,-0.0034108583519697356,0.056011504894382114
-0.003735733806322004,0.011156828853221728,0.06458401907514723,-0.008056372620929484,-0.010159705027066155,0.06819350371755444,0.012434791901861206,-0.001475291400357007,0.06754712821718616
-0.009985417606041488,0.012936887146498963,0.09438412512331275,-0.005517605108589902,-0.015454749603990445,0.09458940193325382,0.016185740855406694,0.002758551434296252,0.09401648822157105
-3.062411435550416e-10,6.12499998980484e-06,7.500000000012268e-05,0.0005510978299955172,-0.0018487714990855775,0.0023250000000807347,0.0014431988579546862,0.002414381254374487,-0.0011499999999387
0.0006924344685688144,-0.0003349919600580286,-0.0012375000000002922,-0.0003897534493495379,-0.000391279051236642,0.0024500000000760025,-0.000224504208965532,-3.0105069566873272e-05,-0.0005374999999752106
0.00035048889542231364,-0.00048743944744391075,-0.002516666666665894,-0.00031734705357900587,-0.0003966565833072945,0.0017333333333979795,-4.1551545073729e-05,0.00012740460761781085,-0.00020833333331064333
0.0002580003369746567,-0.0003683729141676842,-0.002018749999999378,-0.00024228175244710962,-0.0002203195417961382,0.0018937500000371088,1.5049593675066145e-05,-8.452513454364719e-05,0.0003437500000202931
-0.002431221990603638,-0.013616813859486035,-0.07443284651916071,0.012907264571902083,0.003022767076366062,-0.07123269025357537,-0.010708993826102908,0.009450612595100771,-0.07412198428564665
-0.007471467195991405,-0.01937653166950237,-0.11427015183118257,0.01990583796653821,0.002036002954733693,-0.11126400487626587,-0.012677858012819263,0.0162573723037814,-0.11247801136238245
-0.021769377884812955,-0.017135090302039625,-0.12715062071521196,0.02576954326223593,-0.009391771391216244,-0.12326747645735603,-0.004187292447598618,0.02745311983892625,-0.12600519694598114
-0.012853106715938797,-0.013145631644875156,-0.11118552866657234,0.017010935818344102,-0.0035269646576651923,-0.1041121853712329,-0.005241630764036889,0.017864884656074064,-0.11136837607113037
-0.0008396077240124811,0.010158568536790862,0.051439608699556896,-0.007370930572229983,-0.007789640229342865,0.05321665250974661,0.009576763208875294,-0.00481848007179847,0.05527598329577721
-0.002550097050851235,0.010536094498084042,0.056453666560955365,-0.007790433268058579,-0.007786340249958205,0.055508886869981566,0.010312457567032078,-0.0030485945462418083,0.05599807821041747
-0.0038983791249677263,0.011496982149464336,0.06509032585759993,-0.008219947575230369,-0.009464809950493282,0.06672323529513709,0.012022542254252712,-0.002623872517799291,0.06613043474329079
-0.009771864749629152,0.012545269658778757,0.09268080568122414,-0.005841089717093985,-0.01498456170184958,0.09260807998716647,0.016173080673419417,0.002154456010964195,0.09350152473747153
-2.0702488334745084e-07,-0.0001592498205783668,0.0008750000000000913,-7.597199643341601e-05,0.0006771481765310838,-0.0014499999998918156,-0.0013742696881001437,-0.00027914911385207297,-0.0036500000000216914
0.0012499486076548532,-5.409718967379447e-05,-0.0006250000000002363,-8.644878293156349e-05,0.00011045590971499782,2.500000007010783e-05,4.812489303667671e-06,0.0006408215347222493,-0.0011375000000146684
0.0005356331250602356,-5.410706169653179e-05,-0.0006916666666666945,4.162748939301464e-05,-0.00018226146446650597,0.0003166666666961267,-0.00033679096634260864,0.00019934950468742624,-0.001316666666658269
6.533222900538757e-05,-0.00010886714076451442,-0.0006312500000000466,-0.00015565854608703527,-1.4780799692380354e-05,0.0008750000000334879,-7.422089253355786e-05,0.0004261138312288079,-0.0013687500000081343
-0.003314156747140362,-0.013267421577580272,-0.07390593775970394,0.011691256708395298,0.005267993035615315,-0.06899102078468111,-0.009970604698567032,0.008383014083561402,-0.07199273014002472
-0.007954468432223397,-0.01867110185165354,-0.11158042070132043,0.019649474449872188,0.0018791452083308543,-0.10923982486701345,-0.012626092751901987,0.01599553094324783,-0.1132752346051813
-0.02106387099490565,-0.01762831287301419,-0.12293064141048433,0.0260211986816419,-0.009222743265676387,-0.1215530596508585,-0.004780188941770823,0.027372239559929578,-0.12433461004303463
-0.011561663047383106,-0.013225192792199568,-0.10481904931343267,0.017115793598517788,-0.0030596927943369497,-0.10259081453074248,-0.005113335874826062,0.016960899321762923,-0.10735672128601159
-0.0006882109330058617,0.01111134554959729,0.05460981102533073,-0.009328503749000266,-0.004576255387710171,0.05203264884476866,0.0093452407437071,-0.005413935228966438,0.05275401315278927
-0.0024895833871508965,0.010391631503112292,0.055845668274837355,-0.008495620108685419,-0.006300685716822037,0.05494850368279458,0.010551399863918058,-0.002691649615961985,0.05526522277592427
-0.003743518194190435,0.011590078358451562,0.06536287428572948,-0.007624746037302098,-0.00898149184419649,0.06501160216523989,0.01206994675012073,-0.002497642465404404,0.066368738352048
-0.010096173299465794,0.01248984209547604,0.0943154566559816,-0.005960401757739679,-0.01467736588819834,0.09273841988644005,0.01614522597258269,0.002769372315404072,0.09472113405942784
-0.0018752413248404598,-0.00017237477476339145,-0.0002499999999998585,0.0006063716859426582,-0.0014545158346090936,-0.0006999999999202089,-0.0004900550229468281,-0.0004383634432045258,-0.001050000000102358
-0.0011116485780843849,0.00017062387131794147,0.00042500000000030637,-8.935745854674358e-05,-5.181120373781095e-05,-2.4999999936881068e-05,0.00019521948607659212,0.00020813019330520908,0.0005499999999436511
-8.94025855886176e-05,-6.492843118284897e-05,-0.0007999999999992167,-0.00010654660947961858,0.0001446691490353258,-0.00046666666664307854,-0.0003337032017648535,-0.0004257413477236151,-9.166666670168411e-05
-0.000465087946811315,-0.00034295955258408574,-0.0014937499999989185,0.0002035981883845806,-0.0002623794330005124,-4.999999998478444e-05,-3.757936342590152e-05,-0.000507964007540928,0.0011062499999825448
-0.0003732410007242781,-0.012860848946353936,-0.0695268377956291,0.012848238811754426,0.00396604597395489,-0.07296030886854155,-0.010144786734569977,0.007753842956606527,-0.07253650158052238
-0.006908474065197506,-0.018384670826460794,-0.10962201834525612,0.020063445942395133,0.002456457013115069,-0.11337462419436228,-0.012518781425102037,0.015459772951309514,-0.11345829832647425
-0.02043253515938485,-0.017863545667905052,-0.1207414777689556,0.025453256689833944,-0.0094383184457425,-0.12442590284998574,-0.005211333148440388,0.02699190956888718,-0.12479982564768122
-0.011125719189573925,-0.013256062632264694,-0.10369121026816944,0.017263972100831804,-0.003604302811205092,-0.10631940189978206,-0.005311815105663324,0.016616650863700427,-0.10776470951778805
-0.0021714785538723413,0.010638789795670728,0.05366636505557831,-0.008783849631495422,-0.005702939544764696,0.0503600468714005,0.009525704567921178,-0.004471607919026566,0.05279678141323352
-0.002502718767983309,0.010533789020104208,0.055375705081457005,-0.0075423018318242375,-0.00811270776949418,0.05670034702536242,0.010277282585043993,-0.00347498994452781,0.056152633540595964
-0.004838762387457792,0.011356647063896245,0.06704274778580646,-0.007895296371211129,-0.010030223666852063,0.06739550664086973,0.012207102090599308,-0.0025211499432952517,0.06636367923640307
-0.01039046398604085,0.012767104722351676,0.09462081464090868,-0.005871350437717716,-0.01547350122393137,0.09435598318092708,0.015928057060367064,0.0025882452636288565,0.0941133083290524
-0.0012512465099381864,-0.00039571613232566107,-0.0020500000000000518,0.00020971595140681365,-0.0006007385401005094,0.0002000000000279556,8.762019821501044e-06,0.000356050849345535,0.0004000000000559112
-0.0006945244444031859,-6.666660266662544e-05,-0.0009374999999999641,0.0003492866413724717,-0.0004399824567581491,-0.0008499999999855845,4.364232925663853e-06,-0.00032271685286115276,0.0015375000000261707
-0.0008036450160183886,-5.0749928865494176e-05,-0.0003333333333335092,0.00015239986221208098,-0.00022132145751006606,-1.6666666654193325e-05,0.0006833094292424799,0.0004349236111870848,0.0017666666667063662
-6.5842084175167e-05,-3.757889826532247e-05,-9.375000000020872e-05,0.00023915336503760613,-0.0003936994654466683,-0.0003999999999892978,0.000375694535165318,9.042268583453765e-05,0.0016625000000214385
-0.0015646145613348872,-0.012289575716347655,-0.0693276726895854,0.01370402166108245,0.00522642617490493,-0.07979722795159461,-0.009652147639909597,0.008133595701426133,-0.07011418865303654
-0.006368330230204716,-0.01813900128997053,-0.10944717966316135,0.020707669350644515,0.0026658167478981693,-0.11610271948976347,-0.012821329988700768,0.015253882184101028,-0.11180774067502952
-0.019883172089396852,-0.017967640796506146,-0.12031701608682242,0.026140073879548174,-0.009952228392086569,-0.12618148978323918,-0.004680725167033527,0.026421316274343517,-0.1237919454530001
-0.011166212304932357,-0.012844743878592893,-0.10403580054637765,0.01737693134594575,-0.004010807269083649,-0.10796605982189011,-0.005251457790550328,0.01671886442360821,-0.10773172001934395
-0.0036251928803993083,0.009944566764380722,0.05069488800528421,-0.006639287718067377,-0.008384440361268453,0.053040899271916686,0.010084911251911216,-0.0033693922033145585,0.05320329735138962
-0.0025725935143889383,0.01041870964055707,0.05345306057421695,-0.007394069695541078,-0.007901603784412872,0.055534359815156975,0.010604756299868116,-0.002871024194711019,0.05600837377746082
-0.004311526245855323,0.01138023116640654,0.06384858390043968,-0.008044518082346575,-0.00958175954260002,0.0657574184097065,0.012607090974911087,-0.001736760079019763,0.06805409317508133
-0.010014977645941982,0.013032308588595104,0.09274506883056655,-0.006210633633360607,-0.015189523485642372,0.0923465295084247,0.016937675064011514,0.002830911420613407,0.09649838529304233
-0.001251508275089408,0.0004309339806857005,0.0009500000000001452,-0.00027936879279377713,0.000560380938582905,-0.0014249999998661167,-0.0005601591112694426,-0.0014802226810453623,0.0005499999999436511
-1.8089980131147993e-07,-0.00010049978292017838,0.000337499999999992,0.00010225392706946717,0.00037821544738056743,-0.000887499999935315,0.00024495426277637566,0.0005001065372162778,-0.0006250000000207478
-0.0003580048130486751,0.00017413108410759253,0.00043333333333324723,9.753763483000277e-05,-4.6904660013145716e-05,-0.0006583333332995286,-0.00022343752393036827,-0.0004895050098319143,0.0006916666666671271
0.00026310873522730906,3.641442944065643e-05,-0.00019374999999975938,0.0001962268052724843,0.0002613380809827379,-0.0017062499999775937,0.0001952927992077428,4.017151572061354e-05,0.000862499999998434
-0.0008404162509245694,-0.013590184958491385,-0.07417771407612246,0.012495623621638224,0.004814604677515211,-0.07259759848459169,-0.01146636615709934,0.007236193561924176,-0.07229750616728481
-0.008019094708803612,-0.01863251561038733,-0.11362616003816832,0.019334458791464407,0.003359001143578134,-0.11048491342788846,-0.012991685995096381,0.01567296096518758,-0.11361585812514896
-0.02120899821055178,-0.017482191412442467,-0.12430398949206355,0.025547813028060817,-0.008553076726689915,-0.12186498899458369,-0.0045839229014719785,0.026701121885815558,-0.12448358645812026
-0.011957357957915896,-0.01328866139640845,-0.10749971748089507,0.016958119352432938,-0.0028372991862171534,-0.1037753227139504,-0.005708416010434171,0.016970405066742956,-0.10789367456578436
-1.9792364885917735e-05,0.010869536752362387,0.05507748142674766,-0.009278359279059345,-0.00494029398497714,0.05358980481249276,0.009801179850769948,-0.0055642016114423876,0.05664193080749946
-0.0017560263470982483,0.01074155699431766,0.056309220164502814,-0.008262608913894236,-0.00645364918324614,0.053463292174527055,0.01028000394096007,-0.0033244843095513333,0.056419888635850235
-0.0035585718712118275,0.011859903404777813,0.06675463149565103,-0.007682172128235203,-0.009135999479834607,0.06512397513504335,0.01232203830722108,-0.0019309464751831357,0.06814812650646947
-0.009874086583753683,0.01273887327192982,0.0940321085063426,-0.006384472669705637,-0.014362428405619312,0.09098078598004378,0.016329464313928163,0.002519252885539067,0.09523169745964677
0.00156249487499871,2.5624999316631585e-05,-0.0008500000000000688,-0.0015398933241733692,0.0016344347687907712,0.0014000000001068713,-0.000533030095801329,-0.0007747352435347188,-0.0015499999999946112
0.00013694535310687032,0.00032940902205724987,0.002287500000000727,-0.0006329414874763536,0.0004341910687038424,0.0014875000000635907,-0.00032329510931159187,-0.00013313454990917763,-0.001362500000023914
-0.0004530595433359969,0.00048047470779510404,0.002516666666666408,-0.0005213657992513594,0.00010627607436150146,0.0015666666667080165,-0.0004936448472730211,-0.00012303401543400927,-0.002175000000015359
0.0001944795146824914,0.00027776944364455846,0.0010562500000003625,-0.00017048180786370293,-0.00025375388597388183,0.0014500000000250424,-0.0005369269699830402,-0.00044718162805461244,-0.0014750000000063324
-0.0017658034069598094,-0.011736012219234525,-0.06511442244609233,0.011858930503622078,0.006236662902538159,-0.07483818525155783,-0.011713754633223966,0.008262081504020746,-0.07740645613569797
-0.006144972226877303,-0.017929874208055425,-0.10626088202559573,0.020068201928388183,0.004259253197148717,-0.11481203870786771,-0.012949904537011404,0.016816100039530418,-0.11646733940442466
-0.019407201238551424,-0.01785411665739826,-0.16093432130913013,0.025774804953471793,-0.00925395215310511,-0.1262096154150997,-0.004164718035474286,0.028117993531372253,-0.12889437845119053
-0.017955287552156664,-0.012386097618225506,-0.10688607970006184,0.01699377087819238,-0.003737765341919958,-0.10751754177901196,-0.005006514014073646,0.018031874140585342,-0.11262148309940656
-0.0011808481478609023,0.010460288846585626,0.052893776225104806,-0.0067637756587766995,-0.008087745128441959,0.050516340278772276,0.010375423181521043,-0.003476638547862676,0.0532927671989647
-0.0029340030159955934,0.010173712236215009,0.053285404325170746,-0.007748817519459859,-0.007469390332069824,0.05477095594561554,0.010294785205549698,-0.0032497100519168765,0.05529736317679834
-0.004183931246487527,0.011046569808238888,0.06309342061925352,-0.007778608911592726,-0.009964650504803005,0.06708446056492197,0.012433914002395904,-0.0019522058315893773,0.06722371213279861
-0.010087412028499767,0.012388249711365443,0.09167394671565912,-0.005854871249103877,-0.015299112382768645,0.09341585672999475,0.016275496574997758,0.003073514382455856,0.09546384278812936
-0.000625225534234275,-0.0001670622970190877,0.001000000000000025,0.000990452818174642,-0.002315762201575422,0.0004750000000441901,0.00043285645402041384,-0.0002476352549199423,0.002824999999972988
0.0001388652993119768,3.629165644450726e-05,0.0006250000000000941,-1.5163167786195567e-05,0.00015154105372721597,7.500000003268781e-05,0.0002786480321204099,0.0001604121334344535,-2.500000002569891e-05
8.801503240713731e-05,0.00021355745960469546,0.0015333333333326048,0.00027866643021992203,-0.00035473612040275756,-0.00044166666664698556,-3.2082590129188316e-05,-8.456867304654622e-05,0.0006249999999911419
-0.00020085620145028992,0.0003006572378738847,0.0016312499999989807,0.0004021229175345619,-0.0003767160454503035,-0.0005499999999658556,0.00011452798899671078,-0.0001408462695537843,0.0010875000000076795
-0.0036386749814598662,-0.013322049209100021,-0.07196122930679785,0.012814157126860015,0.004649017443597581,-0.07356648442562452,-0.009373993584145535,0.009518789011439543,-0.07041063831971783
-0.008057928281787443,-0.01842570495024881,-0.11159310828628062,0.02031235854390218,0.002305036052271022,-0.11301970323511767,-0.012406923204992691,0.01610234636198317,-0.11277976746506546
-0.02070500185483903,-0.017334449281927945,-0.16348955680099736,0.026354273800665493,-0.009865156393844079,-0.12518983758971203,-0.005022449665669147,0.027385804504143484,-0.12335120330414877
-0.01837169999374538,-0.011933666730574059,-0.10762950628804377,0.017670957513979665,-0.004001927242966441,-0.10770371604739148,-0.005532189831258512,0.01697740319212637,-0.10706861723321914
-0.0019319366346831623,0.011076739241258658,0.056355122990007334,-0.009557998597451572,-0.004754685987873319,0.053264872893876714,0.008951553136505447,-0.005253681334006777,0.05155762982846923
-0.0017975674388005637,0.011008428513277041,0.055567271300281995,-0.008474895168310447,-0.006693542423012887,0.05624722827692885,0.009976911269052004,-0.0039849848220480715,0.055233509569641015
-0.004157278646858236,0.011933555683822459,0.06647781245238056,-0.007904164908993252,-0.009364201893939859,0.06639424815721995,0.012395648245383516,-0.002280433445035162,0.06814068570406562
-0.010109340130483825,0.012971114238838496,0.09360656877383192,-0.00599435666831735,-0.014677783730216613,0.09204306366568105,0.01641600036106667,0.0021253232628467974,0.09415661345902882
0.0028124987250036093,1.2749999915043935e-05,0.0010249999999998886,0.0005432586131122463,-4.9021513300051556e-05,-0.001724999999996868,-5.466627539529867e-06,3.1565233274410964e-06,-0.0006750000000721457
0.0006938931962691747,0.00017499884237733758,0.0001749999999997802,0.00017595600474799392,-5.909886614036747e-05,-6.249999997542943e-05,0.00016295209053866314,0.00022668575371747538,0.0005124999999939206
0.000713937352903038,0.00011237428005214573,0.0006999999999994827,0.0002742579995220524,0.0002571714135773157,-0.002099999999997474,0.0004235124561047243,0.00027271898655637346,0.0012833333333202763
0.0003285367784518285,0.00010394628719848327,0.00043124999999961586,0.0004890438894429656,4.5659683421610764e-05,-0.0022999999999884224,0.00028807797418811383,-1.1528604942035478e-05,0.0008875000000019284
-0.0024860294332226807,-0.013791316284230781,-0.07370080051335706,0.014043889023502426,0.0030612021793344213,-0.07409061835046415,-0.011588522762739223,0.007318163638352082,-0.07311402059730909
-0.008280659764051432,-0.018708363882264697,-0.11372757396012756,0.02031962611485,0.002407914987361136,-0.11342793610418234,-0.011731423935603606,0.015931988412567735,-0.11034438024126736
-0.021096544826146462,-0.017864684195437353,-0.12361787837820619,0.026350115699461368,-0.009633951518778414,-0.12438668882649069,-0.005128979327500124,0.027092277488158147,-0.12236977270937051
-0.011711331144294328,-0.01332794507279102,-0.10570697486702929,0.01744835957358253,-0.004018425803357125,-0.1078707962017228,-0.0057390538528003625,0.016331037867767906,-0.10402043834023544
0.0005113774439319263,0.00965231441267243,0.049391140363406236,-0.010200668698133464,-0.003681052120972639,0.05360759234207535,0.010578205718484585,-0.002223872216225442,0.05237558221602434
-0.0012262905383765412,0.010632125217764653,0.05410993202796701,-0.008951451576030525,-0.006686615981333416,0.05798457443986216,0.010430032288391412,-0.003278696754242342,0.054403951568327
-0.004013310229327478,0.011388151308438978,0.06471237297577556,-0.007851849404785782,-0.009411648303690337,0.06726606051898898,0.012309716512216157,-0.0019964178807480026,0.06566649304771133
-0.009609384785904498,0.012756821005916429,0.09225596065246479,-0.006278448126135527,-0.014577171368654504,0.09184865758644634,0.016340114534610154,0.0026780776232734164,0.09413424940378223
0.0021873305547648325,-0.00014734362009190477,-0.0006749999999997817,0.0015413930688386313,-0.0027185211083774474,0.001025000000076659,0.0007610910545061134,0.001004186202739621,2.4999999936881068e-05
-0.0004166861666636083,3.2499992200059426e-05,0.0009000000000005445,0.000619693925658761,-0.0007653429741966761,-0.0010874999999632706,0.00023506832095812304,0.0003454280653736319,-0.0006750000000277367
-0.0001786218285464753,4.1999959680136895e-05,-0.0001333333333325762,5.8843174343046834e-05,-6.913365778262102e-05,0.00025833333336204117,0.0001898780057352223,0.000924295763084028,-0.001100000000035332
0.0003945623016950246,6.844707170217201e-05,0.0003437500000003286,5.61540874399162e-05,-4.3577557762589824e-05,0.00013125000002389697,0.00030834041640708475,0.0005056928519104068,-0.00018125000003088587
-0.002189955004679167,-0.012512146130954823,-0.06997824679967928,0.013773823881145508,0.005273706712438653,-0.07896887340006487,-0.009967731809674973,0.007952878217871995,-0.06820791882988786
-0.007897461730577149,-0.01803634197796551,-0.10879728671290015,0.021080390108828295,0.0025502362985510255,-0.1161893562691807,-0.012286603216634292,0.015293836367760098,-0.10934167713294585
-0.020348028893878257,-0.017919463816434136,-0.16213901046663506,0.02600280053247669,-0.010505781408689676,-0.12785386098560872,-0.004929102494799101,0.02693545406096127,-0.12275999434108915
-0.018226485358891077,-0.011992081556404533,-0.10732394235661169,0.017530071627411055,-0.0044950044731201675,-0.10882202848155331,-0.005354970672784652,0.016381775967237402,-0.10424019910590943
-0.0003071338498944476,0.010781022278987168,0.053144019422366795,-0.00977058638555739,-0.004937894992403102,0.05337325875149901,0.008959028423558002,-0.005274510194552828,0.05042959970351646
-0.002425297715010396,0.010262758051941446,0.05493525047109887,-0.007833531479333066,-0.007243943093534735,0.055360857880604186,0.010238629497038977,-0.003081096733963889,0.05403237642587211
-0.003610549656091596,0.011601352152489142,0.065329802715463,-0.008093856364652494,-0.009162109937499639,0.06646519808934197,0.012241404167361608,-0.002398090091557908,0.06610823254116956
-0.010023897822703695,0.012592114416751857,0.09325322841443281,-0.005849577436610976,-0.014767719713503394,0.09231986052600227,0.016166553633668493,0.002427986691083391,0.09333381008820862
-0.0018755720334953652,-0.00026606168008478417,-0.00029999999999993416,-0.0012902406499350205,0.0025025121628760583,0.000550000000032469,0.001143547542676454,0.0015053711497001188,0.001174999999964399
0.00013284786641124904,-0.0005864862955034865,-0.002150000000000688,0.00010064786661508525,0.00021766939447492243,-0.0009249999999738634,-0.0002083333333331562,-0.0003608439182425618,-0.0007625000000288651
-0.00017888533926567276,-0.00010641009692746208,-0.00024166666666795728,-0.00050501581770414,0.0007392669353603212,0.0008250000000190975,-0.00018435876599835556,-0.00020274751990385326,-0.0006416666667045471
-0.000592119695719262,-1.9243413836505014e-05,-0.00013750000000095682,-0.00022545858408653646,0.00017317927056135685,0.0005062500000319048,-1.3799458030208802e-05,0.00023662061128453495,-0.0009000000000147779
-0.0009803784948164695,-0.014251732510000826,-0.07536186338550108,0.012498641994894422,0.0038541459533303346,-0.07028045321555432,-0.01091146315888511,0.0071829847639315325,-0.07114046772089822
-0.008126202649977321,-0.019206004518129885,-0.11479059010122014,0.019670216664993613,0.003822829289321403,-0.1114446677095815,-0.013666866440657018,0.015415517192181162,-0.11438172936721891
-0.021342770288861675,-0.017201626503563848,-0.12597612228265895,0.02580048082273498,-0.00934812494133634,-0.12456454230693377,-0.00489801389314081,0.027082193568897343,-0.12621151772576056
-0.012539865783210754,-0.013462170593691938,-0.10980727178194143,0.017034391703383566,-0.003848023866208726,-0.10695594798972863,-0.0055960602764478316,0.017090047270523785,-0.10996171720778491
0.0004485196949260972,0.010052136241953858,0.04978333154027957,-0.008901362867529822,-0.005846513199209147,0.054194958116404734,0.008945821074822502,-0.006256216603432729,0.05345891770534017
-0.0017201659004891419,0.009991233003110127,0.05304611421334704,-0.008792689745350092,-0.006687747066589737,0.05668654263328854,0.009912159047220648,-0.003285025229720567,0.054610308220048864
-0.003665611000862918,0.011527656215915316,0.06543124239942855,-0.00830327582321762,-0.009284092635602838,0.06720448491173887,0.012044439040481665,-0.0023692215073898926,0.06644020074936623
-0.010094385204113454,0.012676694265252303,0.09396402378645058,-0.0063529620245956235,-0.015201546239624178,0.09483207689167106,0.01598884755323916,0.0024606599431638947,0.09387918736678547
0.000622730912100411,0.0005338998209020469,0.0013250000000000165,-0.0013768965535405908,0.0020916050460437208,-0.0009749999999364434,-0.00041995749077913813,-0.0015601943466753143,0.00047499999995537223
-0.00013889108888615672,-1.0999999706777875e-05,-0.0006000000000004087,-0.0002491327897529643,1.5625764404614273e-05,0.0001500000000209667,0.00017462789214507513,0.00021996441255173812,0.00052500000000677
0.0005354064205082791,-0.00010616011907906096,2.4999999999415305e-05,-1.060666658174249e-05,-6.128712583066052e-06,-4.999999999218593e-05,5.1889781043407925e-05,-0.00013265855141965575,0.00011666666666817112
-0.00026324102622417956,4.618411076835767e-05,0.00011874999999950155,2.2400502382826765e-05,0.0001644096575241432,-0.0002687499999876053,-0.00013472358533670343,-7.387536741261598e-05,-6.250000006424727e-06
-0.0027824111114016503,-0.013615141473093631,-0.07426412998471474,0.01293476632689694,0.004328801641681479,-0.07309102436532378,-0.011607979748428504,0.008218116587736801,-0.07604665930527332
-0.0068458186004581745,-0.019300790742110625,-0.11386602139320028,0.020201610760900067,0.0033179693753943645,-0.11393007156188517,-0.013436656548239544,0.016197586249038713,-0.11753223169930216
-0.021060978622314836,-0.01720422728255674,-0.1253994243645403,0.025557948246567104,-0.009420095457625002,-0.12411451860479354,-0.004108841364854462,0.027507014529091996,-0.1293608768977291
-0.012034722769560618,-0.013043837815365958,-0.107516287408663,0.017559216611694597,-0.003574870479949427,-0.10716658091831643,-0.004765638838678737,0.017664301439430822,-0.11238622740219473
-0.0018050968994820504,0.010403803925341218,0.05052509059208961,-0.008527932972145214,-0.006707896493804433,0.054840887289042684,0.010351101835233412,-0.004797416051069425,0.05673731199054011
-0.0026229472270112974,0.010515749356818795,0.054698741866579005,-0.008414997517216773,-0.007195648322426572,0.0557523763384804,0.010500761677717518,-0.0032776335691961675,0.05574519601612149
-0.00430982442397151,0.011765464729782576,0.06563973466914436,-0.007926139746927685,-0.009578639985836317,0.06567707577804782,0.012420799727577436,-0.0018638222093925977,0.06703375385551287
-0.010039506321838686,0.012784012228356274,0.09222765886684306,-0.005797436970474792,-0.01526107058204698,0.09298222937579315,0.016340720340968107,0.0026569501654127273,0.09414901266097675
0.00031041977415630084,0.0005073693140365916,0.0006250000000002226,-0.0015618703873704343,0.001621501915877177,0.0011999999999900979,-0.0006149017497195097,0.0007233953890559142,-0.0035500000000965315
0.00027053103961017914,0.0006328752378208061,0.0030000000000011077,-0.0002058553728759602,0.0002017743892986553,0.000812500000035854,-0.00016796615202565836,0.00025895363064656587,-0.0010375000000450996
-0.0001818815357351733,0.00033948741260233785,0.0017416666666673778,-5.5191776499239976e-05,-0.00013540336188587267,0.0010250000000470532,-0.0004362849190085132,-0.0005726326946628049,-0.0006583333333587404
0.0002622834882542125,0.00015206901651497402,0.0009125000000008337,-0.000352751412675019,-5.664163987547479e-05,0.0015500000000390202,-2.35563982757171e-05,1.363329186093428e-05,-0.00041875000003077645
-0.00028674754330715313,-0.012247524298335522,-0.06800977322388449,0.011389044396337838,0.007086128690513005,-0.07170676466397019,-0.010199288893484454,0.00941567705287083,-0.07423621822928439
-0.006321998585369205,-0.01782126204054166,-0.10736465808882523,0.01953006556408199,0.003033099942869846,-0.11176366608560695,-0.012536435838365119,0.016395851303764433,-0.11348589681019483
-0.019500834700170517,-0.01737473443403,-0.11973952862219346,0.02564424795719881,-0.008800210624848195,-0.12294050311819626,-0.004699042025339432,0.027379043782169044,-0.1246172301594406
-0.010696768072604333,-0.013183962434228732,-0.10293627572628905,0.016955488127360776,-0.0032617423994431073,-0.10496978853816175,-0.005630702231600244,0.016897319088806685,-0.10598275610387287
-0.0015139451359433287,0.01053012389520605,0.051814410207337645,-0.009216991267033126,-0.006080371709654697,0.055053016190953485,0.008779491144413759,-0.0048418306363220975,0.052132803382054504
-0.002390116264982472,0.010652554857143707,0.05491061234030179,-0.008423281995292544,-0.006802968535964589,0.055303941900231024,0.01004474918358703,-0.0046618546859006965,0.056993967900598186
-0.004225382355740881,0.011632551497559802,0.06637527586027075,-0.007785286768595213,-0.009375200522560816,0.06557833369476758,0.01241533751337685,-0.002663121213616496,0.06891531873622903
-0.010316720703087832,0.012734617386159634,0.09377233136704731,-0.006217435330617927,-0.01539340335788282,0.094595195494529,0.016057617077861807,0.0024508047463970457,0.09528288516517103
-0.0021886712149934984,-0.00037781007948590594,-0.0011249999999999845,-0.0003553583529172788,0.0005164987326999881,-0.00119999999990128,0.0015988114163423273,0.0016059897355452657,0.002175000000015359
0.00041548778243842105,0.0002590936462636761,0.0015375000000006768,5.241391007943581e-06,0.00048288737186652497,-0.0019499999999617046,0.0008118874997113205,0.0011353981946663854,0.0006625000000148873
-0.000626830269271588,0.00025244651077946454,0.001266666666666897,7.132697078606119e-05,4.095745701521951e-05,-0.0008999999999777705,0.0002975476065090426,0.00034393965900127366,0.00044166666667659155
-0.0003310236541002218,0.0002319810324158055,0.0010875000000001368,5.042664349098087e-05,0.0003310619141021136,-0.0012062499999743181,-0.0001361907242361077,7.969565118217787e-05,-0.000862499999998434
0.0012487735793209609,-0.014033170643823159,-0.07369593886702534,0.013951612200194946,0.004648014886053653,-0.08011482883159005,-0.011838223548367444,0.0071948628922319235,-0.0748402435384321
-0.006517376192594688,-0.01867207393829082,-0.11199526822517394,0.021623838153330202,0.0021332701322929193,-0.12134451899543652,-0.013374327357552741,0.015540092325593773,-0.11573860034159722
-0.01994535618858273,-0.017856723669814976,-0.16400133652098425,0.02651813526695181,-0.010569587774501645,-0.12990694452025645,-0.004579303931531323,0.02674215395813814,-0.12631647751923936
-0.017922700239153835,-0.012274518014780767,-0.10775365988999219,0.018102346619896063,-0.004519899413645147,-0.11195074957930096,-0.005224800069599332,0.016505488298841412,-0.10738240757948159
-0.0009685679108126233,0.011015605972557711,0.05341094105904629,-0.0103436658808638,-0.004207353444918294,0.05323777094661253,0.008468818397232986,-0.006393870578234873,0.05323552935583287
-0.0027213228630405973,0.01069703949144779,0.05541821506027704,-0.008253749471404424,-0.006914291315650455,0.05677199903466601,0.009680032967824794,-0.003772664209145127,0.05404823873458309
-0.004168026595448888,0.011250101739347306,0.06461602276083303,-0.0084541241671131,-0.009241355825976929,0.06824581085499067,0.011691556114129012,-0.002165214530165858,0.06567467481300622
-0.009670244253636688,0.012992154875198498,0.09190532598350196,-0.005908324276542397,-0.01490794216346949,0.09442940773427555,0.016028046498393664,0.0020302691133859026,0.09367930186927054
0.002498646684459538,-0.00041640331781211634,-0.0002999999999998039,0.0015548932125984682,-0.0023501544927570506,-0.0008499999998967667,0.0001851836399190121,0.0009766194024873887,-0.0019000000000879425
0.0011105280019925907,-0.00018222097825443262,-0.0001999999999998869,0.0007297422934568784,-0.0007029604563940022,-0.0015499999999502023,-1.226640840444758e-05,0.00016764248237747617,-0.0008500000000744024
0.00017831237384651516,-9.594596227240789e-05,-0.000516666666666353,0.00044214741542639553,-0.0002622670450555927,-0.0009666666666241497,-0.00028100667095128296,6.154677051934636e-05,-0.0011833333333951164
0.00046052390000123945,-8.052631095784217e-06,0.0002812499999998414,0.00030259522453951763,-0.00035737459917969803,-1.2499999968440534e-05,-2.3022641848502445e-06,0.00038283996030505216,-0.0008437500000457732
-0.0012980357498651451,-0.014239012701279908,-0.07509294651515616,0.011410170008642473,0.005435966480511756,-0.07131766272685525,-0.010349225356233449,0.008322438636673701,-0.07095235693945767
-0.007640726204359109,-0.019299517197024663,-0.11450404952033752,0.01977261551459481,0.004042453800374219,-0.11344634745507065,-0.012564105975329223,0.015135535881853778,-0.11040147449650206
-0.021720517864964574,-0.017764793167462645,-0.12597780788084006,0.025584797896501348,-0.008724266162274397,-0.1229198703037097,-0.005118949559548439,0.02634425687648038,-0.12063854468994013
-0.012344548613450105,-0.013250983620584508,-0.10856313639889312,0.016928612628536014,-0.0033091621828361907,-0.10605001140212844,-0.00546575375055302,0.015999353150884292,-0.10258919520365062
0.0006663970999326585,0.0106775551351585,0.05297245853433996,-0.008686920369073425,-0.006846990856596014,0.05375308984287841,0.008868004795197643,-0.007210712011353204,0.05531789694819267
-0.0021502615524866047,0.01035077732032522,0.05445286252444309,-0.007872317453284157,-0.007646669676243513,0.056308102719659914,0.010145327865545653,-0.004405483086759403,0.05738063562270579
-0.00400952066952858,0.011274790941280212,0.06504621297190334,-0.00735994758689827,-0.009914307206670572,0.06632717007839517,0.012380712136818408,-0.002602189126906954,0.06816597575277268
-0.010055052770353918,0.012448062592736158,0.09307269317005859,-0.005985361303619351,-0.015140742637083426,0.09266688891895747,0.015872774497391263,0.0024640891408353313,0.09399256407657819
0.0003114339468465732,0.00036137290342631406,0.0014499999999997618,-0.0018396262800313146,0.0010929836724016262,0.002874999999935568,-0.00014445687023315057,-0.0013571295253769766,0.0008999999999481645
0.0013878843947958933,0.00023916385407660466,0.001162500000000145,-0.0009648462733676441,0.00039688235979452717,0.0033874999999738975,-0.0005946048626634085,-0.000939663648829519,0.0003624999999729539
0.0007131891628435273,0.00019937097929516393,0.0004416666666668926,-0.0004334986536829098,-0.000258644709507015,0.0026916666666506237,-9.850964758104494e-05,-0.0007650970655478531,0.0013749999999627487
0.00026219949886566906,0.00015841060813533267,0.000974999999999816,-0.0005393117948067715,0.00021483311878286857,0.0015249999999689123,-2.932769290943163e-05,-0.0006627440318835763,0.0016437499999799599
-0.000885940279728159,-0.012119023290339665,-0.0664148743516669,0.013898610642409936,0.004641105503147558,-0.07715759021058588,-0.011095632587644622,0.00811785453672803,-0.07382637951129922
-0.006258594355462721,-0.018276325242113207,-0.10887129168829228,0.020648666299668737,0.0027199333604997922,-0.1148631277154255,-0.01184373701194742,0.016989814319673082,-0.11603564345170625
-0.020045340244748085,-0.017416967821129007,-0.12157747561371188,0.025618890992183934,-0.010027855416875977,-0.12580609374520657,-0.004340284835113332,0.027523257071342542,-0.12561068336539213
-0.01103169462826735,-0.013148753519805836,-0.10405175222853309,0.017196979501925547,-0.004222618528510206,-0.10720558693299298,-0.004991970414559624,0.017193144214691227,-0.1079607172641106
0.000481241159311363,0.009797159752000108,0.05148193423591997,-0.008742342070704179,-0.006068032201822504,0.05335935967227812,0.009060406290069267,-0.004969838178991992,0.050997054008838916
-0.0013201895942036332,0.01080727088959535,0.05646723582753162,-0.008371839419411367,-0.007579659941655177,0.057050146054793416,0.010385275536538131,-0.0032196382827217227,0.056390116204618757
-0.0043501628435245665,0.011715695172202384,0.06866442731138801,-0.007408890930881072,-0.010477629057875042,0.06841210423684056,0.012402247181493862,-0.0022332991413944897,0.06790096665018434
-0.010034370338683835,0.012490776668379262,0.0935961804432465,-0.005624566756322555,-0.015973675605298856,0.09682983568097825,0.016181035885097277,0.002690179460361413,0.0950474244754862
0.0003124687500064005,-6.249998958326373e-05,-0.0015249999999996408,0.0007247606024184117,-0.00030533133201643414,-0.00272499999995901,-0.0011978624452763098,-0.0011105178981882236,-0.00109999999997612
-0.00014258700599863636,-0.0004509797834452716,-0.0017125000000001635,0.0004507208282526302,9.587594770876784e-05,-0.0018124999999979963,-0.0001419528848125203,0.0005665999228132712,-0.0017374999999653085
-0.0003591541041355776,-0.0002646326667462815,-0.001441666666666613,0.0002879603913186598,-4.1631654132004824e-05,-0.0010249999999878412,-0.0003386319523044991,-7.981624270244783e-06,-0.0018833333333153253
-0.00019847483812592066,-0.00016891622124940307,-0.000956250000000095,0.00018117216954657698,2.736218776117364e-05,-0.0011687500000023832,-0.00022352388484361976,0.0002089769230863657,-0.0014499999999806334
-0.003704063979356742,-0.013580389304253034,-0.07325537913199562,0.01289716480528183,0.004628631096660618,-0.07594814298359509,-0.01051950564835355,0.00930685246078311,-0.0750654469334755
-0.007988648245363692,-0.01829546910865703,-0.11085290063360564,0.020498654038957606,0.0035988332718956467,-0.11627896142483163,-0.011950107733932656,0.016638076621114693,-0.11424516895068848
-0.02040867932056536,-0.017901721327755724,-0.16292917624796047,0.02544104959438099,-0.009720693197182955,-0.12669628008840084,-0.0045678689921916605,0.02693132438537682,-0.12365224780550577
-0.01181339229132456,-0.01319187397732742,-0.10589793883793383,0.0172305736183745,-0.0041190065031202075,-0.10869706794412182,-0.005354962212219801,0.0169069303446743,-0.106743620212435
-0.0014907734196198397,0.010418940954463565,0.05268305034898455,-0.00826744888191705,-0.0073046959192940575,0.055362045807338944,0.009114060570507981,-0.003970489452775894,0.052257014391665635
-0.0026337152430302682,0.010542038146591567,0.05550692261213107,-0.007787670978824811,-0.008208349121041007,0.05682677245442136,0.00968251516214448,-0.004344262844750856,0.05514415433396369
-0.004583914180574958,0.011674213905970534,0.06618485898814995,-0.007583796402372119,-0.009947848905555208,0.06714652205970968,0.012289143542322151,-0.0025296184187538285,0.06800435781902554
-0.010135290386993257,0.012808965242036277,0.09232787332407193,-0.005859664635353934,-0.015511480381935411,0.09438856360255432,0.016526861776868417,0.002305540742672091,0.09624725115919275
-0.00031354599081684364,-0.00036068547774885536,-0.0011500000000000718,0.0002694159836440224,-0.00020545486401762902,-0.00119999999990128,-2.6352442901445006e-05,0.0007383508779032488,-0.0011750000000532168
-0.0005567582244773531,-0.00025588512051523133,-0.0004750000000000226,0.0001835863740211484,-0.0005357581244233886,0.0003750000000746212,0.000234141860990738,0.0003459622781032401,0.00054999999998806
0.00044631646216716385,-6.406236920583021e-05,0.0002499999999996843,-0.000132984590053247,0.00012933619856849075,0.0007000000000682386,-8.946647272229618e-05,-0.00046308176599888347,0.00023333333333634224
-6.602513087138855e-05,7.85521602639318e-05,5.6249999999829785e-05,-0.00019656203253071744,0.00019014042335940254,4.440892098500626e-14,0.00017326592790347766,0.00012819878177010814,0.00041250000000214726
-0.0017970444415385534,-0.01354120315898049,-0.0738915264826326,0.01198728395073248,0.006635857551916258,-0.0738111842363498,-0.011190768710755972,0.009531492070190273,-0.07793472545758462
-0.007769322726746624,-0.018920695314362915,-0.11340917041269508,0.020272025124657853,0.002939145793323044,-0.1152247244427862,-0.013384461246706496,0.016378882095788923,-0.11634089105219125
-0.02120190190969681,-0.017557888379991178,-0.12559827806622062,0.025686042456719096,-0.009340389940847016,-0.12408018171179795,-0.004083167578314284,0.027694710695737486,-0.12959336127552254
-0.011966480605159875,-0.012899406245132401,-0.10726658861057844,0.01713615896327289,-0.0035291366748468013,-0.10590823340614341,-0.004608381035544735,0.01780739684344853,-0.11333602076819549
-0.0005868277026324642,0.010511089995044305,0.054078387577553455,-0.009317535387246695,-0.004545553269154345,0.051757146027053835,0.009343617636766582,-0.005746308980564274,0.05456102910375016
-0.0021210130007085245,0.010197393298940257,0.05345096063334076,-0.007927759501731734,-0.007543712829183313,0.05627168192798848,0.010318640368346985,-0.002941404235416877,0.0556254379924459
-0.003163652923499468,0.011265959596333445,0.06270197603343146,-0.007575465533632221,-0.009645223570150083,0.06600755354891537,0.01231514844500948,-0.0019086739980962917,0.06767966166540222
-0.009544341335611311,0.012638548192050805,0.09244523054255199,-0.006208109905506716,-0.015014639733710755,0.09292074246567417,0.016285206020655873,0.0026299576586858763,0.09437543742152332
-0.0003147996795738184,0.0005348059075689221,0.002799999999999794,-0.002197929102474433,0.001970988328423018,0.0037500000000356692,0.00015443951105822973,-0.0015251926724080267,0.004599999999932436
0.00013723051572569724,0.00030428564122025284,0.0005499999999994806,-0.00025251776391966977,-0.00014761503074519253,0.0017500000000225668,0.0007608341152175951,5.041901256990716e-05,0.0027874999999788486
-0.00026892128391195084,0.00019347824099071655,0.000558333333332774,-0.0002490859147284895,-0.0001465797076355413,0.0016666666666627823,0.0003947918444132432,-0.00022124446170747523,0.0016333333333247897
0.0001314672494990317,5.448668945135389e-05,0.0001874999999997612,-0.0003782936830848697,8.183550512534008e-05,0.0013749999999923546,0.0003671505569211177,2.019305901876232e-05,0.0015874999999887507
-0.0010236388322260037,-0.01288670531282329,-0.07095569801428381,0.011841064814815255,0.006917366759902344,-0.07549385617697801,-0.012386342701901226,0.007223778632471645,-0.07761091618903038
-0.0070212602528090745,-0.01825034682541739,-0.1091983612321814,0.02045282954264015,0.0034670290427011676,-0.11573720142568078,-0.012414335471714395,0.016521621910314192,-0.116028925033973
-0.020030566454258745,-0.018084148692960104,-0.16264874561145945,0.02576123495788813,-0.00955354214418415,-0.12616224597583972,-0.003947122151579703,0.027316596373609548,-0.1285262139165392
-0.011638143342964542,-0.013268511963194419,-0.10585089706501527,0.01735516799557504,-0.00406843770165962,-0.10899109958328601,-0.004909855576924676,0.017393625033609625,-0.11036455693431702
-0.0006413858330694966,0.011013933183884475,0.053661823181308924,-0.007937927999961125,-0.0070304855954161916,0.05106718014902256,0.008782459950552185,-0.0058622906245545114,0.05283384806844538
-0.0018441978879692024,0.010439978047332127,0.05346164188740502,-0.007976081940795786,-0.007765277975064889,0.055431525903237855,0.010149920790602908,-0.00359835382839223,0.05609559582278045
-0.004670488957190482,0.011222679775403685,0.06556117312212797,-0.0073268546957546065,-0.009759574527782549,0.06477344940260348,0.012134248032050644,-0.0021714275406866023,0.06668364829431894
-0.009935298044900552,0.012619537835555479,0.09100246011606664,-0.006012890515656513,-0.014976307884835014,0.09156843950617333,0.01590849378695076,0.001999438471274975,0.09163638658814532
-0.001876603793075915,0.00044549615088992195,0.0007249999999999496,0.0001867895652075957,0.0001074076029020099,0.0002500000000793534,0.0007865545587140699,0.0013501024586359822,0.0007250000000347256
-0.0005556111110946757,-5.555551851857546e-05,0.0005500000000000837,7.64908947539469e-05,0.0005230542263725793,-0.0015499999999502023,0.0002647536520634159,8.57169759862744e-06,0.0002500000000349445
-9.129764268795653e-05,-0.0002700525073481154,-0.001533333333332171,-3.208175370103935e-05,0.0003929551159028869,-0.0005166666666352645,6.306115208790494e-05,0.00048021817184678336,-0.000791666666651499
-0.000265507890572459,-0.00024866940537611416,-0.0015999999999988842,-2.0095544633306966e-05,0.00036703469448378333,-0.000718749999983892,6.805722373890315e-05,0.00011264172726729713,0.0003312500000296481
0.0008276962529807363,-0.01446986309822049,-0.07611527127877249,0.013818267492912012,0.0036540187435332716,-0.07602142442939552,-0.009520494392213641,0.008801165428680424,-0.07042472053928606
-0.0064016814016064506,-0.018543845654195104,-0.11142529866365702,0.021019605663172694,0.002135846033276175,-0.11599880194803625,-0.012429823279240063,0.015607609282739274,-0.11018438099932304
-0.020231855338199097,-0.01754246022116001,-0.12345407431721848,0.02588689148847315,-0.010436636545545021,-0.1277028926681282,-0.004582311627593768,0.02667581545857876,-0.12245422702286864
-0.01771814666786836,-0.012428144842528223,-0.10662313926059674,0.017768331182424976,-0.004619170525361307,-0.11059416516913667,-0.005413327066122157,0.016564166650950923,-0.10439118314664597
-0.0014307797010018608,0.009902460928834737,0.051263838666147664,-0.009720867905332192,-0.0057139699638983354,0.05616904308221038,0.010492527934634344,-0.003166572934761025,0.054508055469915107
-0.002303289878528384,0.010304134207712659,0.05484079733666034,-0.008990748799858925,-0.006701602640823978,0.05703081311851932,0.010445419706007732,-0.0030873001053946217,0.0557039861712072
-0.004081460921224823,0.010874353212480262,0.06338174347385733,-0.007884331179526924,-0.009108344001637427,0.06535171848588799,0.01188561552991416,-0.002236395882956083,0.06519449141951424
-0.009505874238542966,0.012473240704350264,0.0913656022134484,-0.006455905506403286,-0.014543571839628549,0.09189476186992618,0.01574426693669215,0.002138623605764462,0.09165853093735521
0.00031240968752233034,0.00010624994882292777,-0.0008999999999997531,0.0016445446456327117,-0.0008640216824368219,-0.005625000000009095,-0.0009666848277863072,-0.0019675969780905134,0.0021249999999639613
-6.966352679900941e-07,-0.00019623446240488095,-0.0006124999999999523,0.001250280384819237,-0.0001025986623314089,-0.0044874999999944265,-0.0003484803324824457,-0.0009209173160409615,0.00029999999999752447
8.874250275498723e-05,-0.00013928430193284745,-0.0009166666666662615,0.0008083948755419465,-6.350614060616053e-05,-0.002849999999998687,-7.389385922992478e-05,-0.00016352362691707256,-0.0003250000000084204
0.0003270080730220416,-0.00022814690529028304,-0.0009499999999995248,0.0004249739879534861,8.597257136609328e-05,-0.0019562499999903338,9.645276785816135e-05,-0.0003565625851403561,0.001293749999997651
-0.003648340113460158,-0.013365811243776957,-0.07214689651723208,0.012432953260182317,0.005824335502620237,-0.07255452105794369,-0.011230440410268244,0.007888556641008626,-0.07363888186215917
-0.00787983738523907,-0.01843534284297669,-0.11154901325843783,0.020180950607869855,0.00325537264955458,-0.11339282697462316,-0.013633465399276765,0.015657277118143957,-0.11493189272600013
-0.020975327820677313,-0.017204496206518274,-0.12254788401089248,0.02578835058716897,-0.009701489881791734,-0.12523460100695902,-0.0044072644513684645,0.026583654367447297,-0.1253980256887388
-0.011665755956176926,-0.01336332874735779,-0.10470769643718372,0.017321188636090452,-0.004170732768440932,-0.10756761281184579,-0.00567549208783643,0.016912929453103805,-0.10807764515798901
-0.000291973606819651,0.010693641510793975,0.053080008232881226,-0.008827340173208492,-0.006958884990013181,0.056179393146305046,0.009242675783872889,-0.0057091840102857505,0.05457295538375817
-0.0012152273603331192,0.010604600402467737,0.053666349230372036,-0.008610514058221861,-0.007453257065683412,0.05732895237775537,0.010495806210048593,-0.0036645261254846734,0.056018512182287594
-0.004012353046544047,0.011386995129388953,0.0652176491729311,-0.008155971898104424,-0.009690811640080241,0.06609285774041851,0.012036532248953175,-0.002050368108723531,0.06626044979916774
-0.009659688061008335,0.012974712555194485,0.09265694071841506,-0.005723914547197351,-0.015037488398204325,0.0921259917669559,0.016124497661587002,0.0023614151172392604,0.09311830132035515
0.0015595624225719917,0.0006119905997233083,0.003924999999999973,4.906549250921488e-05,0.0011076235107571053,-0.0011249999999130011,0.0005217175048678746,0.0004210174490842933,-0.00040000000014472903
0.00013870888908769827,9.99997839999485e-05,0.0006499999999996281,0.0003448768044647974,-0.0006027608143474891,0.0007250000000791346,1.1797976530910267e-05,-0.000805230816259951,0.0022374999999463796
0.00017829002930958016,0.00010049947472070573,0.0005583333333330718,-6.788344293926338e-05,-0.0003502836342253853,0.0013750000000515665,0.00036874675147870385,-0.0003087732538205522,0.002083333333313675
6.514467632147778e-05,0.0001302610300563619,0.0003562499999998768,5.912905575327906e-05,-0.00027004492731437583,0.0006562500000528715,0.0002753500988671676,-0.00015459795642781024,0.0014312499999835637
-0.0034285807540349045,-0.012267522607722237,-0.06832290950452101,0.01316280590540897,0.004727159850663465,-0.07410206016507104,-0.010184009400650285,0.007326417843338262,-0.06784809880215903
-0.00799440664719622,-0.018040660116365778,-0.11051616045337542,0.0204371997848901,0.0029779150727240714,-0.11456459704410893,-0.011730634687863914,0.015169528326587788,-0.10789070238246268
-0.020659129484204862,-0.01740577949119382,-0.12207668454524546,0.025960403775792784,-0.009482163461448883,-0.12484635404198159,-0.005122804477486872,0.02591280338175905,-0.1185939351298219
-0.011685083089724742,-0.013250417071041118,-0.10573428419826554,0.017046607460858575,-0.003436694570499005,-0.10486384072363464,-0.002172738630341678,0.02115948492136719,-0.10285309392634723
-0.0008047093275204142,0.009971868706968366,0.052080471743386134,-0.009119492631107923,-0.005220435015225455,0.054342875889101805,0.010876942674969275,-0.0046230698741087095,0.05841615719468507
-0.0011223597179483352,0.010370203421255398,0.05254908602320345,-0.008856159074380199,-0.006329899222979391,0.05538984726034535,0.010924812353934625,-0.003271583492238229,0.05824103748774956
-0.003931031610562059,0.0112880383685218,0.06504144364774114,-0.007828232564846747,-0.009076172576108885,0.06616263135589644,0.012429843995008225,-0.0020230188945642913,0.06796747900594073
-0.009888926821865164,0.012897664853627562,0.09363948988946427,-0.006166077179416068,-0.01496505280131975,0.094467727209957,0.01663027757426366,0.0024818515630146316,0.0959787859632022
-0.0021875149296829433,-4.26562465164321e-05,0.0009249999999999316,-0.0011924064209183072,2.3526153122843674e-05,0.004574999999995555,-0.0008810616098364754,-0.0012954185973773624,-0.00014999999997655777
0.0004143342540699171,0.0003644344927630861,0.0014500000000001294,-0.0011491532801937649,0.00012032502653506565,0.004625000000002544,-0.0002159409319197398,0.00012597258450572666,-0.0013124999999725162
0.00017762392964407577,0.00018578249277822234,0.0011499999999999226,-0.0005338757554175709,-0.00032103689493705775,0.002775000000010408,-0.00047703530888747777,-2.881372211065753e-05,-0.0015166666666270128
0.00013062868095109774,0.00015970675690788258,0.001018749999999838,-0.0005545963302123816,-0.0001048141516635237,0.002631249999995866,4.688932692412837e-07,0.000151916562925838,-0.0003999999999892978
0.00013720217350438046,-0.01327142623902947,-0.07294765466135442,0.013166859047591961,0.005382162206232777,-0.07551425430571967,-0.01015880709874517,0.008168848604994672,-0.07339441046791961
-0.0069896917157067735,-0.01836559144864352,-0.11158474958220281,0.020727446687609542,0.0024773334509280926,-0.1161353151416078,-0.012355763828624737,0.015623049694293536,-0.11287560136459263
-0.019929089352939362,-0.017408065916680513,-0.12178203929400334,0.02620214171107495,-0.009632387606070745,-0.12566487116469904,-0.0049514049433517305,0.02679447917261441,-0.1242774870769144
-0.017242842371612437,-0.012045722123744692,-0.1059468638079196,0.017434711049787093,-0.0038539327506160793,-0.10777253334514902,-0.005294068996579635,0.016298219525239112,-0.10557877853645259
-0.00021951108591933277,0.010239662434243929,0.05308515999706227,-0.0077178114153697575,-0.00847613559094157,0.05652343620861089,0.009783983440939115,-0.0029180743631937456,0.052198916951917695
-0.0013252708347091494,0.01047903863219491,0.054136916842303685,-0.007843012520584539,-0.008050299915817676,0.05652953115000692,0.010406295690805015,-0.0026939159192243237,0.054327845286650245
-0.004073499027707325,0.011006907148123576,0.06448019106295982,-0.007815741054261907,-0.010073722645225729,0.06783163523709963,0.012127037025248985,-0.0018955084000123387,0.06538803479251658
-0.009602763375030222,0.012431955883636877,0.09102531332790113,-0.0056654086323221515,-0.01524381115484471,0.09345151305124588,0.01591725580190568,0.002477290627286124,0.09210033520616334
0.0009374744343801367,-5.681249233030136e-05,-0.0008500000000000009,-0.001569509379024947,0.0012540028310539797,0.0037250000000099703,-0.0017330211379874838,-0.0022457475472789645,-0.0019249999999360057
-0.0001390478387338264,9.349981985685331e-05,0.0006125000000003974,-0.0007656015692587066,0.00019280608934104905,0.0018999999999991246,-0.0012126274130864262,-0.000733796819668564,-0.0023999999999801958
-0.0003571651428522068,-2.7857130971319637e-05,0.00021666666666702908,-0.00047892502421019244,-0.00028678817442467127,0.0027166666666763226,-0.0006065068632044035,-5.420139740998563e-05,-0.0021916666666399465
-0.0002639625179034459,0.0001436812065872488,0.00030000000000023584,-0.000333450217830144,-0.0002766972770205568,0.00186875000001141,-0.0005534900596511131,0.00010411401050356311,-0.0025249999999754635
-0.0028248463255844958,-0.012371091570186277,-0.06986787844289603,0.012115526446244279,0.00504398838092196,-0.07158120797003953,-0.009702920452801106,0.01064871946596102,-0.0744585362075334
-0.0071534643541883,-0.018452489479814618,-0.10986959671326275,0.019452648449971622,0.003583769121616608,-0.1108251112973857,-0.012101230458125278,0.016746002999846868,-0.11344340728007829
-0.020370581562241776,-0.01724112682558549,-0.12152770595283181,0.025916286332798823,-0.0088937617689157,-0.12251349159475566,-0.00416217478361121,0.02775161022440458,-0.1271566429694874
-0.011363533297467936,-0.013092198542658967,-0.10473779086795329,0.016869123226283655,-0.0033009064737622206,-0.10435671282807146,-0.005115315738453638,0.01782270098722243,-0.11101311853685125
-0.000495687190106564,0.009917144964805688,0.05009670272300866,-0.008941777429785636,-0.006672334151781867,0.0542119582083167,0.009844414678293611,-0.005263517367563864,0.05484071770216481
-0.0018751281494971345,0.010275980445962245,0.05429087703434169,-0.007576657779876743,-0.007314705466326337,0.055108427279337846,0.010805964210292932,-0.0032819852591274104,0.058124014199312235
-0.003907088450262409,0.010990225713556878,0.0642803055872985,-0.008025382729648367,-0.009579356029291997,0.06742136489240973,0.012682857287640766,-0.002199249578889649,0.06900927431838788
-0.009186984436570482,0.012301138019903268,0.08989309544869302,-0.006091360286286651,-0.01518045457504085,0.09359229552747816,0.01622668129399758,0.0029587103668358033,0.09527716705898248
-0.0015628352075039431,-0.0002031558812716404,0.0004999999999999026,0.000675685693937722,-0.0006929481007264537,-2.4999999936881068e-05,0.0009566422389944984,0.0019738276055905613,0.0005749999998805322
-0.000974075919822163,-0.00031686777054650077,-0.0014375000000005872,0.0005454712886238111,-0.0006477854293837934,-0.0008250000000042945,0.0007803470886321348,0.000674535103954864,0.0008374999999283261
-3.2553484927541225e-06,-0.00034265795397335513,-0.0015250000000002642,0.0003492566498786154,-0.00010962455525287407,-0.0007833333333392053,0.0001926951484814857,-7.219226401202126e-06,0.001266666666606871
-0.0004000101721144283,-0.0003687391999006425,-0.001956249999999623,0.0002864646523589134,-0.00036656660932104775,-0.000431249999999217,0.00014688167213719022,-0.00030930244011631727,0.0015937499999507665
-0.00029102831090171977,-0.01229995637625984,-0.0692472050310314,0.01130188523908171,0.0060791800595705325,-0.06928959955838643,-0.01114516096063431,0.00782022311048014,-0.07564916207174477
-0.0058832391563672865,-0.01799966887175896,-0.10658711906971223,0.0193434884101175,0.0031094362592089097,-0.11062776854560141,-0.01235358259431274,0.015871784433788623,-0.11448849130655248
-0.01915298238013107,-0.017690799775586817,-0.16018744367924215,0.025080581995333615,-0.008793168213758393,-0.12231442672578548,-0.00481226425138057,0.027044598370079057,-0.1258394600978837
-0.017187228144483216,-0.012298756907348714,-0.10433771467737171,0.01700617247733428,-0.003342175948014675,-0.1052008126380427,-0.0052642979009302395,0.016562640947070575,-0.10727146848845681
0.00035477678167472604,0.010566976492455018,0.053882691566235,-0.010054672137979614,-0.005177457091665172,0.0541879840969095,0.009196214876005387,-0.00336233172289202,0.05002055303098274
-0.001529878407744804,0.010948132925553265,0.05710198291628447,-0.00792624671031645,-0.007136568347671574,0.05588887522538499,0.010264969956967938,-0.0028145647110424912,0.05456395104053158
-0.0036665544780799053,0.011881846740520358,0.06605685023361935,-0.007826557508313783,-0.009210510699056032,0.0656931828051377,0.012072091927680125,-0.0014519142350106445,0.06561005042873269
-0.009622246374578699,0.012523223603224859,0.09215408865694777,-0.006230442740974343,-0.014625343274484332,0.09155520337371659,0.016112936334960002,0.0020213820431073874,0.09149104117790463
-0.001250984897421814,0.000351748161522874,0.00027499999999999557,-0.0008957663383338255,0.0020082618231234695,-0.0024749999999684746,-0.0014660306175209858,-0.0013152583155512376,-0.001550000000083429
-0.000555564488885496,2.233333095109483e-05,-0.0005500000000002561,0.00021349300666372183,0.0002813983406784675,-0.0008124999999914451,-0.00047653788918460775,-0.00036528188098368847,-0.0008375000000615529
-0.00018027234259135723,-0.00024830473244398364,-0.0014916666666662279,-0.0003875157876848905,0.0007041434571312756,5.833333333408556e-05,-0.0004980585634820067,-0.0002246956744000883,-0.0012083333333616035
-6.721986406388325e-05,-0.00019594040713838133,-0.0011062499999995716,-0.00012090827496074275,0.000309919033417588,-0.00044999999997408224,-0.00031427207024113305,0.00011020188418388091,-0.0017375000000319218
-0.0005840063804912754,-0.013879049799412322,-0.07557195028849235,0.013420000646725827,0.0061200244825393435,-0.07777785758480427,-0.00976691724972889,0.010292382880423834,-0.07663526707357704
-0.007693397370670294,-0.019300173874469403,-0.1144159630335446,0.021118009572133303,0.0028480248658467756,-0.11698043849177608,-0.013060190481445355,0.016696721442353075,-0.11686399483812338
-0.021236495907059217,-0.017477177817412898,-0.12508430558028572,0.025940294131022425,-0.0102038651809381,-0.1273465636952816,-0.004211404602805621,0.02806760638593197,-0.1285242697592892
-0.01218291021962493,-0.013045257280732409,-0.10781211346908659,0.017695811975683807,-0.004127704234901722,-0.1093014136409165,-0.004590443850265244,0.0178328285238617,-0.1121479873199771
-0.001099273084309571,0.011758480822724683,0.05558573663197954,-0.009549237700395147,-0.005543249217178359,0.05322361459345615,0.00926537010729686,-0.005389135195058015,0.05273368267575407
-0.0027243629028900823,0.010732340158554473,0.05596184477799611,-0.007645960989080547,-0.006716319009944207,0.0518278487072088,0.010658395820245217,-0.00257610324828751,0.05675468161481234
-0.004318266688965733,0.011041105154515007,0.06283618540057194,-0.007860126433450425,-0.008822370703504199,0.06273035266171807,0.012099345006728022,-0.0015164646905449894,0.06637384170786002
-0.009967812006570516,0.012918522698588005,0.09312208532851737,-0.006353819978423489,-0.014367816945291165,0.08922610746990856,0.016505050692630596,0.002501399220017937,0.09539432605271125
-0.0028148594847718367,-0.000536243078826752,-0.0016749999999998444,-0.00030957567958775356,-0.000542223708023537,0.002175000000104177,-5.459937958696148e-05,0.0003929298005023174,-0.001625000000071708
-0.0006954904315977414,-0.00024045529996295724,-0.0015750000000001175,0.00031114119532833003,-0.0009438531073010145,0.00011250000007123617,0.0001634238631226248,-0.00025321075969925784,0.00044999999997408224
-0.0004471805018403068,-0.00016346197978793004,-0.0006083333333336639,0.0002663338182327351,-0.00036180383496715277,0.0002833333333877401,-0.0004524631156926124,-0.0006665464477108506,2.4999999996092963e-05
-0.000526613914640577,-8.768353477497579e-05,-8.750000000039968e-05,0.0002018813901415392,-0.000339247772476298,0.00013125000004610143,-8.669577364339709e-05,-2.5740909896289137e-05,0.00011250000000462279
-0.004416391334888248,-0.012478807128887244,-0.06821605111421607,0.012280295294063437,0.003467841803626859,-0.06946611826008642,-0.010948129099647846,0.007178919791364646,-0.07268662900328238
-0.007142304142911578,-0.018224949719018772,-0.10765904839435628,0.01984037117856005,0.0021554105271684135,-0.11124144295460159,-0.012022558596618457,0.015710827020108828,-0.1107491993980414
-0.020165955135344887,-0.018029064089096224,-0.16108743759584676,0.025567345039964877,-0.009153228861921317,-0.12170459833721337,-0.005223820960089228,0.026930775885546383,-0.121965298860142
-0.018031914578430758,-0.012418057026497223,-0.10545608967538037,0.016873996121679783,-0.003658130601720909,-0.1046327219357962,-0.0057509385324515895,0.01652702664472212,-0.10571507322207907
0.00036912786616910553,0.010587058440866078,0.05098246493526062,-0.008285866416088417,-0.00611357625113218,0.05255629634772774,0.00836566319774995,-0.006364486411551684,0.05367358480170559
-0.002444864298974577,0.00999088011016358,0.053064614836111815,-0.007675220756508949,-0.007635183577344347,0.05588942932837071,0.009929503582567964,-0.003267130649338269,0.05459329788366496
-0.0044792276936156394,0.011034829969481066,0.06464625919235757,-0.007974666917517121,-0.009574461945514867,0.06612177758714329,0.011968333997865982,-0.002067828734858953,0.06682527783619108
-0.009854478934287626,0.012787270228872378,0.0920168759088732,-0.005731169557698338,-0.01488819795046194,0.09207098012042891,0.015903323208464833,0.002135186927015864,0.0927706525997718
0.0009360333306507318,0.0004313716755443114,0.0030749999999996904,0.00011950704020130543,0.0018634149221499752,-0.0024999999999053557,-0.0004906146158639713,-0.0007992694429567737,-0.000550000000032469
0.000553011826951814,0.00037965530461088264,0.0013624999999998437,5.717701092218993e-05,0.0006714420566211743,-0.0013499999999222467,-0.00024844190989809563,0.0003066639335679176,-0.0014750000000063324
0.00035679277969205954,0.00011292784793426607,0.0007583333333333104,-0.0003349419946714021,0.0006313865356179425,3.333333339720449e-05,1.2597911880352086e-06,0.0004130653440978912,-0.0014500000000102393
-0.00033046859493492483,0.00019755798044911415,0.0007374999999997179,-0.00016807131223823006,0.00013058273183085803,0.0007562500000446448,4.7383624196101494e-05,0.00020070200512499104,-0.0004937499999968509
-0.0007198268840713506,-0.012895534155726546,-0.07077663186749264,0.012447164057263066,0.004851889620995087,-0.07133168098660825,-0.010630348678576651,0.008108342294838033,-0.07356627691557094
-0.006616551051256507,-0.01873488077186968,-0.11178130925438053,0.0199713701111728,0.0023430045149597234,-0.11093694296671064,-0.013229807457021403,0.01715495120659105,-0.11847947125596114
-0.020179628987995,-0.017320355397176513,-0.122520969401576,0.025178789334407935,-0.00907812856690877,-0.12076629213314538,-0.0040634663706331665,0.028255902864335967,-0.1294917879273013
-0.011346621170554485,-0.01318289561479282,-0.10499872113167878,0.017115385072246223,-0.00356883643399209,-0.10453166149858029,-0.005001240599841312,0.018175144290303962,-0.11263031296260273
-0.0014675082992202104,0.010201820890465497,0.0532020574580747,-0.008168853143596805,-0.006845206086639188,0.054336566705082134,0.007947487108566492,-0.005866860103918847,0.049855611659888055
-0.002695720857373882,0.010244670575507092,0.05364065777199767,-0.008744215936426492,-0.007030125073803628,0.057001072427320665,0.009907411999910624,-0.003253758084030093,0.053946036137775266
-0.003778795887859502,0.011588740707439467,0.06529416181993646,-0.008093384994397166,-0.009569759551434591,0.06677830239979106,0.01187421495948859,-0.0022448763687994105,0.06613910485335772
-0.009938367078457813,0.012469199235269521,0.09195637621907138,-0.006430874274934132,-0.014762131640804515,0.09183490901578661,0.015669328088781517,0.0022487981660026055,0.09227777960851835
-0.0021888747511050743,0.0004103719297178937,0.0015749999999999896,0.0009138403088068681,-0.00019859730381738272,-0.003250000000054598,0.0004703550494193631,-0.00026880717249322394,0.001075000000039239
-0.0006950616796347959,0.00018424862150600056,0.000774999999999993,-2.8733329104912997e-05,0.00014373976284232093,-0.0007125000000218762,1.4882493977926478e-05,-0.0011244770924401237,0.001862500000049394
-0.00035716284597721505,2.6651775719889297e-05,-1.666666666635177e-05,0.00022146756036210493,-7.909690802530646e-05,-0.000550000000032469,0.00030353734971344526,-6.922922954939141e-05,0.001100000000035332
-0.00019745368411807745,4.736831873691125e-05,8.125000000016873e-05,9.312991540444404e-05,-0.000174134692016758,-0.0001000000000139778,3.6461780775209895e-05,-0.0005487933208615573,0.0010312500000164704
-0.00025522185624626825,-0.012182491443246256,-0.06828011472369322,0.011650307724556108,0.005549724305671522,-0.07174977915584968,-0.011774114441930744,0.0071145686450363455,-0.07339569900235432
-0.006106050361153069,-0.018576240110108392,-0.10923344575086587,0.019453007879508686,0.0030167651914387366,-0.11065688059377354,-0.013076329195703859,0.015732415590995044,-0.11512870976475575
-0.019891057517110178,-0.01771955011642141,-0.11939075809006473,0.02521199093737624,-0.009301686454037712,-0.12409867041005551,-0.004595359857170943,0.02691200517126579,-0.12605593275335872
-0.017242467294245157,-0.012185988048406609,-0.10448640983999277,0.01701893486719065,-0.003939298063547846,-0.10654115280238352,-0.005041678721590845,0.016865664858370977,-0.10848763409185835
-0.001147759005316884,0.010158133744966479,0.050689439481836816,-0.008325072491124214,-0.005763088260342386,0.05066916346221362,0.009925997272439147,-0.004623194456050694,0.05279789413079605
-0.0017196281026427623,0.010396491381189433,0.054072656702852065,-0.008468221869554267,-0.0062336510915300064,0.05411755344209013,0.010161307195666325,-0.0038906855266788534,0.055158188905379824
-0.004070922683034011,0.01092351158052206,0.06354528588011367,-0.008267376483359663,-0.009320289504277855,0.06702255291157755,0.011968456707883044,-0.0017692125292131536,0.06561439466130636
-0.009662350731623762,0.012753313146290243,0.09178878378982538,-0.005990976988635038,-0.014690204315373896,0.09160752826034013,0.015878557886697328,0.002179841076547404,0.09232911246855324
-0.0018751763999139137,0.00014699985887999803,0.0012999999999998076,-3.1676301751742963e-05,0.0003423647105538219,-0.0016499999999197712,0.00022283970166347977,0.0016794463678568294,-0.003400000000031156
-0.0008339262311807261,-0.00017966536228962408,-0.0010875000000006847,0.000529515119387616,-0.0003375748161745425,-0.0010749999999504212,-0.0006258632017919208,0.00037214615893528996,-0.003825000000023948
-0.00026933549690918594,-0.0002291990001852005,-0.0014000000000000906,0.0004041934369683079,-0.00018126348090365316,-0.0008916666666358708,-0.00044020325433138545,0.0008951877474810173,-0.003983333333342405
-1.92032822392201e-08,-2.2592094381417846e-05,-0.00041250000000021104,0.0002556513107686506,-8.176022196113457e-05,-0.0007999999999785956,-0.00036516168270302256,0.00045155974686508343,-0.0027500000000069136
-0.0028598970809035063,-0.012572142872282931,-0.06938695448694522,0.014126600398858824,0.004400741244213469,-0.07946178065818543,-0.011137926218592747,0.007379214378412657,-0.07375129197209063
-0.006994571210314524,-0.01832417027282246,-0.10834963530540809,0.021464658394552874,0.002881677605830345,-0.11773484408681423,-0.013285610825313396,0.015464222472804594,-0.11401462202278445
-0.02031149232203338,-0.017891557342091337,-0.16352950333549332,0.026067773987868432,-0.010715091831255328,-0.1293758800292625,-0.004757798263420717,0.02672311582617065,-0.12531342648080349
-0.011736981187862629,-0.012734663624552722,-0.10471653240668066,0.01817461315228128,-0.004522940324229525,-0.11160264522174224,-0.005150450049950342,0.016637868418052464,-0.1072959663441786
0.0015545886791687447,0.010965264379676222,0.0524169794735153,-0.009295071630124885,-0.004959997673061045,0.05270560645289635,0.009129971708005807,-0.004995911985335166,0.05075432001335756
-0.0021159979808215035,0.010184971563771135,0.053272563567251005,-0.008465142432723734,-0.006733355582115729,0.05659778002584659,0.010000670507163658,-0.003588304897087872,0.05463071455948931
-0.003542036419206172,0.01159461044293651,0.0653958480134635,-0.008415887507305455,-0.009130129054626164,0.06754114605982409,0.012288786224263144,-0.00180059957953901,0.06691783361456594
-0.009743427324581345,0.012622803853652314,0.09280694765310324,-0.00652801094567691,-0.014903214437836196,0.09343228992351182,0.01592192851242559,0.0025078363485878837,0.09330978404758494
-4.278120149803222e-07,0.00023124947236493373,-7.499999999993067e-05,0.0016673666805959442,-0.0012089523067082553,-0.0019499999999617046,0.0006802905070137089,-0.0003871621597137387,0.002924999999898148
-0.0005558072246151605,0.00011705519482974765,-0.00018750000000007744,0.0005338143295514137,-1.677165009033526e-05,-0.0019249999999804146,0.0002572786266838742,0.0006535635971089477,0.00024999999994612665
-0.0003572626445077657,-6.474985226215207e-05,-0.0004166666666667064,0.0006989682900407754,-0.00012153175376577214,-0.0030916666666473227,-0.0002512723090391284,-6.000875445761571e-05,-0.0006333333333626475
-0.00019757896423330665,-7.387459996748623e-05,-0.0001500000000002142,0.0006889041146721684,-0.00014618319992510428,-0.0022312500000065683,0.000274755132406566,0.0003732585437034089,0.000562499999978705
-0.001239222476002999,-0.013770178421598889,-0.07351720827388397,0.012101287218579254,0.007318369228105637,-0.07574837505379683,-0.009135635238088219,0.009313243105234237,-0.06929048698074425
-0.006612134194296083,-0.019497368929604155,-0.11463087891518764,0.020071705362329384,0.0025195057003645095,-0.11520841625931588,-0.012577630097051422,0.015393651958506591,-0.11077699537982433
-0.02137208804840912,-0.017908409575999252,-0.12623677873437752,0.02557676115534516,-0.009618975758604795,-0.12599619519069552,-0.005480035830776013,0.026645324503169275,-0.12013820574624152
-0.01212802287592662,-0.012867834948031603,-0.10912781907491582,0.017136032152537912,-0.003971621042602122,-0.10839421918084902,-0.00575080449435956,0.016115145897291464,-0.1025244352792054
-0.00016034930250263812,0.009876835995737254,0.05104389662022428,-0.008446802354622474,-0.0046683774664324496,0.05086566634711076,0.010661259034743659,-0.0025829093752635646,0.05249059940091172
-0.0017176619522552006,0.010338084109907657,0.05377257317927877,-0.008895100791572123,-0.0061525645540948404,0.055529977758039806,0.01025153740913387,-0.0032436495449409777,0.05419966489141892
-0.004080345904637826,0.011015364841902967,0.06403322587367608,-0.008133401441012822,-0.008870826142804076,0.06516620520301923,0.012111683739595426,-0.001375476232370887,0.06519982386626506
-0.009302818743398146,0.012551445732241671,0.08982830783558522,-0.006458322355002462,-0.014136238976311263,0.0895021847363342,0.016069802455594844,0.002562682618192778,0.09275482141140601
-0.0006257929670849816,-0.00031718617838704207,-0.0018249999999996227,0.0006868121641655234,-0.0003268502125064465,-0.0030500000000266425,-1.2144902136052016e-05,0.0007300222546191559,-0.0023250000000807347
-0.0005591736169806448,-0.00044943891623600664,-0.0023250000000003567,0.0009895827966479834,-8.390602011952729e-05,-0.0035500000000521226,9.948228682190833e-06,0.0001547306942912336,-0.0008625000000428429
-9.151709429960115e-07,-0.000183032663705907,-0.00040000000000070676,0.0007603218641478805,-0.0004944918009904978,-0.0014500000000398454,-0.0003194728866490986,-0.00022709767567455748,-0.0008833333333531831
-0.0006578970460504129,-7.697367959416391e-06,-0.00013125000000059435,0.00022784571301673475,0.00012861629886556632,-0.0011250000000240234,-0.0001828101629263986,0.00010752916662345282,-0.0009000000000147779
-0.001426526588250987,-0.013410710715499903,-0.07170483019676004,0.012433593041937668,0.005801310486573674,-0.07462602977308386,-0.012022427784263295,0.006484291034218603,-0.0746029784395752
-0.007757778776996805,-0.018454125113687974,-0.11116616618618771,0.020269007556403453,0.0026933945906822596,-0.11384024822262973,-0.012998598379207471,0.015824906244997956,-0.11542033840497012
-0.020758182786142557,-0.017855407513796995,-0.1213048900379908,0.025614925220758457,-0.009625434182550241,-0.125485123205508,-0.004262914006570743,0.027704419382846086,-0.12922631212021565
-0.011387632862434185,-0.013132985755182163,-0.10365331863751677,0.017622718509590397,-0.0036536223391900762,-0.10814912063689952,-0.004871714097774193,0.01761117511164136,-0.11292852186199909
-0.0020739685010900955,0.01006415311489087,0.05181243645241364,-0.009334330693562543,-0.004570058329933513,0.05233046053092494,0.01046264921424761,-0.0018425250080736366,0.05056962173850543
-0.0022430061354599623,0.010632618220038694,0.05441312459837895,-0.007697124353688794,-0.006825958812301586,0.053583368675180765,0.010229312140817539,-0.003240508311719909,0.05353532797709448
-0.0040180975741952295,0.011490084713747255,0.0646142453501288,-0.008030962665388022,-0.008683603854582809,0.0642904078609637,0.012001046140876197,-0.002299317812866551,0.06487784129841263
-0.009951917165454696,0.012387195286497472,0.09173855076876056,-0.0063828779246225716,-0.014753196738827924,0.09230948759868518,0.01614173769956998,0.002637586896607115,0.09342979559726072
-0.0012556643126937495,0.0008329743216240802,0.0022999999999998915,0.0005388703090761227,-0.001132350669105775,0.0006750000000721457,-0.0003865915637613071,0.0009509213238639846,-0.0019250000000248235
0.0004160338447294847,0.00018890136447328489,0.0016374999999999563,0.000242485661124577,-0.001145809096933206,0.00210000000002708,0.0002723800434953658,0.0008055795597107353,-0.0003125000000103739
-0.0004488273645579323,0.0002890045836989574,0.0012166666666665314,0.00010840081528438818,-0.0005571239324280482,0.0005166666666944764,0.00014785045103791035,0.00022394164031690002,6.66666666759852e-05
0.00026255227429149955,0.00012749808219622086,0.0005500000000000563,2.180715052687401e-05,8.838633758369661e-05,-0.0004749999999775767,0.00013403843660655506,0.0003025034021681738,-0.0005687500000073342
-0.0005856018314917555,-0.0138862371782803,-0.07420931732436373,0.012617199771910309,0.0032568163410781614,-0.07019577959335166,-0.011401807498759992,0.00885910243144522,-0.07886627895636877
-0.0075073032588277334,-0.019507616597828157,-0.11462084979048363,0.019702174063400375,0.002931108566528451,-0.11014692680455518,-0.013427231604950764,0.016909589186230804,-0.11850918248788034
-0.02146058435713293,-0.01734364877264834,-0.12611206669019256,0.02554698351577495,-0.009309716551841676,-0.12217188504862382,-0.004287018911024176,0.028158993842015728,-0.12967472557825488
-0.01261516957332851,-0.01307472883801705,-0.11032617661602813,0.0168176154060171,-0.003494072344666892,-0.10310497346976144,-0.005239697955612615,0.017750113774596146,-0.11187034594606349
-0.0004935917479811924,0.010005582671285033,0.05246497971795973,-0.007964547753980256,-0.00868629783608299,0.05492099146220397,0.010837476829016895,-0.002652335127424632,0.054494571949570414
-0.0012962791167938884,0.01043286576991418,0.05277206916786725,-0.008031668516301894,-0.007838917846814737,0.055844616564604266,0.010628805170842989,-0.0035851150858794917,0.05559464763225108
-0.0038321969286571533,0.011308035765056181,0.0640710969038989,-0.007900636918453663,-0.00977216635601047,0.06610176899481957,0.012443202057181442,-0.0021538443416469727,0.06649734270826417
-0.009609460214511572,0.01268863181635192,0.09227926283821597,-0.00567686046107644,-0.01495981825390425,0.0917478614091749,0.01617680345324738,0.0027925107428851182,0.09349106248777161
0.0006249547750136752,-7.53749819100291e-05,0.000724999999999797,-0.0016167903974899367,0.0015891313327881518,0.0035500000000965315,0.0003423185477129109,0.0019718842868970965,-0.0017750000000482657
-0.00041729604201444655,0.00018510968452479054,0.0005249999999999741,-0.00012066818910903986,-7.007868910786147e-05,0.001387500000049613,0.00012049866822097212,9.087656887501399e-05,-0.00047499999999978115
0.00017784460312554793,0.00016151567666057584,0.0005833333333331736,-0.0004727005717527647,0.0003438799891488812,0.0015500000000242171,0.0003282449609799081,0.0002238459265625175,0.0008166666666771979
-0.0001981065732175865,0.0001379710514577116,0.0006437499999996961,-0.0002936966358556208,5.6088233795740996e-05,0.0010687500000328143,6.349919664498587e-05,0.00011527330847609023,-0.0003562500000109381
-0.0015856571660075036,-0.01245538224611173,-0.06949373083296108,0.011321707155467764,0.006728789371322763,-0.07349516584529425,-0.010160334234298601,0.009379916660959275,-0.07357884216858679
-0.006727579027214646,-0.018232243579493948,-0.10861831232587094,0.02002428137845251,0.00330942139954561,-0.11414354505088209,-0.012193028896041272,0.016226271662519998,-0.11181100596155957
-0.019804853630515235,-0.018179649365114507,-0.11845584702610056,0.025482417178234636,-0.009449473734841698,-0.12652142056808943,-0.004464893076629173,0.027102393614151704,-0.12392169022993708
-0.011171429147921757,-0.013026495670471918,-0.1045553203881227,0.01713237852989536,-0.0037162997968657944,-0.10798114568288109,-0.005161422417460531,0.01714203526163381,-0.10743747135197879
-0.0004584652965322622,0.00983564848896197,0.048167260804874434,-0.0072567524081190715,-0.0064996682954607254,0.049309808757058704,0.009245841294129586,-0.005710351162618865,0.05376185127685673
-0.0014848712736881264,0.010204801324937538,0.05281879871229689,-0.00869841172802193,-0.006511468678329881,0.055605846617012844,0.010564932732080558,-0.0035331148219636737,0.057182347010864554
-0.003925697328325896,0.011058781417004341,0.0628281880874763,-0.007552854959070757,-0.009380573959629133,0.06478933187645808,0.01221875050830847,-0.0020176648990931157,0.0660726834609715
-0.009480504091559738,0.0122707168975029,0.08944020221864163,-0.006173311835056714,-0.014706769294566163,0.09214654296314517,0.015932806866932006,0.002446778094700759,0.093319776632389
0.0012499279297001342,-9.609371396490472e-05,7.499999999973431e-05,0.00027739928676676073,0.0012358508641105437,-0.003449999999904918,-0.0010049414339990959,-0.0019456095348494018,0.00045000000001849116
-0.0005567643605443164,0.00025719065684437514,0.0011250000000003312,-0.0003514096184197167,0.001078987246509887,-0.0003874999999542439,-9.252653554910524e-05,-0.0007466945334791112,0.0016125000000144496
-0.0004478398399601228,0.00022224402559774966,0.0009083333333335102,-0.0002865939095982238,0.0004531095086654898,0.00010833333335587743,0.00031147990250252056,2.851717060508336e-05,0.0016833333333169758
-0.0002659345235484822,0.00026826373572430025,0.0016812499999995713,-0.0002891626453392564,0.00036462129969713617,0.0004000000000337067,0.0003131691151556823,4.982350659090812e-05,0.0014562499999870582
-0.001852028908261305,-0.012198583578469233,-0.06683272576260038,0.012737306687021777,0.006239244467770577,-0.07527527348374363,-0.012299594339872794,0.006324228708179391,-0.07274385302675768
-0.006410964498764709,-0.017432239754614068,-0.10470052201612697,0.020228705569243298,0.0030648773624266904,-0.1136440557134355,-0.012953362373059761,0.01487789988646583,-0.11009201275964386
-0.018824297464711714,-0.01773087869506493,-0.15749573226115562,0.02608468121743254,-0.009516998607134572,-0.12479661689647943,-0.004708544094920997,0.026223533208001814,-0.12369495702717614
-0.017490705054996326,-0.012097250378207063,-0.1052252916727143,0.017131831876056432,-0.004006017350168928,-0.10704360623323694,-0.005446168728828018,0.016462954585636718,-0.10595932617409876
0.002174908988600288,0.010992167116015205,0.05338694136854967,-0.00802195158189703,-0.0067114518860073025,0.05246842127784035,0.009494514859053477,-0.003783943403688761,0.05212064225870172
-0.0013349686373842484,0.010422411129681957,0.05473092537211797,-0.008303312916095441,-0.007102196157188829,0.05576200664054731,0.009736496391899194,-0.003941237258803243,0.05390178785764643
-0.0033730139860394764,0.011465539468184635,0.06513896214098894,-0.007933310925591472,-0.00952178865856448,0.0662408009231008,0.012139288056036845,-0.0027626221338379014,0.06731881725010602
-0.009624846605236681,0.013032973261650205,0.09373579064347191,-0.006327540202145859,-0.015255636272176071,0.09384098038280886,0.01610146629454998,0.0022484754726218173,0.09374415283850412
0.0028119377258328804,-0.00026774921281568723,-0.0024499999999997198,2.452204438119221e-05,-0.0014337563175106927,0.0023750000000433147,-0.0012941570908843458,-0.0021395458452630467,-0.001050000000102358
0.00027712644911267087,-0.00018879016860831588,-8.749999999963301e-05,-0.0004647631117259903,0.0003722197114111283,0.0005375000000196195,-0.00029220903364120715,-0.00047278756136316506,-0.0008500000000744024
-1.7062221298523385e-06,-0.00024374203757785722,-0.0010583333333325565,6.510195765708453e-05,-0.0005828349052153633,0.0013333333333420683,-0.0003235433763265627,-0.00022468422446583362,-0.0006583333333883464
0.00032738713609975197,-0.00020262356969132515,-0.0012937499999991367,-9.884452630881084e-05,-0.0002872989023540221,0.001231250000000017,-0.0006284440652074446,-0.00031445858531425604,-0.002125000000052779
-0.0007488643828448827,-0.013032480366894077,-0.0709413672632891,0.013323394854228288,0.0038114267691680137,-0.07476431836410669,-0.010689006430555231,0.00943206142640235,-0.07548246083217691
-0.006779570529817801,-0.018500506502333404,-0.11001180019873406,0.02085570967003694,0.00324135262602665,-0.11602488688904344,-0.01181966873977431,0.01677441213249352,-0.1134181129431866
-0.020119976836408624,-0.017328864349246607,-0.12186149668335847,0.026302624057023875,-0.009548633545955873,-0.12460886286469834,-0.004361955494242604,0.027249194750504687,-0.12482770352602775
-0.011047230611544438,-0.01267537425247308,-0.10257619476330149,0.01756647304064254,-0.0038331978285728375,-0.10764651121672186,-0.005616153512061205,0.017077709133699888,-0.10688216831862274
-0.0024944674461430116,0.010616730625651162,0.054147881417672614,-0.00883081085095716,-0.004567434727126285,0.04932431220190381,0.010670204915221027,-0.0025861923572262357,0.05320544378992764
-0.0020404748879370655,0.010813487769188926,0.05552427173446752,-0.00845325917137966,-0.0062305685106480956,0.05401691370305883,0.01074767157457912,-0.0023292735119707763,0.05553227824637297
-0.004164718886950913,0.011739016807910745,0.06719744868474761,-0.008172497272412474,-0.009116957145896751,0.06607017729951536,0.012376873196289596,-0.0015995305849479471,0.0666059542066962
-0.010203812001318088,0.012619375482719618,0.09342901393929083,-0.0063881918967167994,-0.015035643198949922,0.0941917120869773,0.016177354787976352,0.002675120171802562,0.09346521883054071
0.0009335800409751571,0.0006999853654251261,0.002824999999999663,-9.591652262372352e-05,-5.5492589849659435e-05,0.001075000000039239,0.0012900448054450897,0.0014218040467195436,0.0026250000000338503
0.0005535119409051505,0.00033778342404735287,0.0018624999999999343,3.880827767477335e-05,-0.00013799566652644083,-0.000262500000003385,0.0001545690742744811,7.13330019959842e-05,0.0006000000000394579
0.0007102882682812657,0.0003825167935777929,0.0019249999999995987,-8.136158544114203e-05,5.6065338377827724e-05,0.00021666666668214893,2.8024125014617214e-06,0.0003084216939163482,-0.00057499999996935
0.0003260171471616689,0.00027905843551807207,0.0011374999999999133,0.00010248797518912734,-9.284348123639319e-05,-0.0001437499999923375,-9.329994751125941e-05,0.00013076227556015722,-0.0005687499999851298
0.0006556860690162813,-0.01382190489287032,-0.07410967004551305,0.014032066018004191,0.004644283201231392,-0.07988019851650208,-0.011240458881716514,0.004975323701070233,-0.06584236152091805
-0.007068569643926671,-0.019261728186459322,-0.1160857411271835,0.02090213503344567,0.003210837427269908,-0.11767457473821352,-0.012541775459419072,0.01390189780709699,-0.10692189312049294
-0.02131450425446552,-0.017882425756053446,-0.12726951757404853,0.025647645795683776,-0.010364688824900698,-0.12987345246486445,-0.005961245512726976,0.026028531527693157,-0.11918123955541778
-0.01168927979895825,-0.013438603640388671,-0.10799622328068877,0.017725964093838486,-0.004275843712630319,-0.11097487216158719,-0.0021958111041511068,0.02079720822211495,-0.10338095389474944
-0.0033397907666099513,0.010081877362333642,0.05021949439327329,-0.008376651039972843,-0.007819101010893281,0.0568015720819659,0.010024277833094175,-0.004996187134523322,0.05567002972179935
-0.0019814011051888514,0.010754261326206754,0.054214700917604754,-0.00871918011434436,-0.007172474353867648,0.057303523957630276,0.010419556140094563,-0.003794938552295932,0.05581442915010282
-0.0041141288445218594,0.0116385434460775,0.06552334011017812,-0.008083656970613822,-0.00989005826762138,0.0684221095011021,0.011971192770370048,-0.0024238026147815894,0.06595036612941918
-0.010348505362721635,0.012944864555662081,0.09445054172075891,-0.0057335334845384335,-0.015773015709088675,0.09673535509828746,0.016131684793322516,0.0023689418620222533,0.09357661965189168
0.0003124996921857748,6.156249989672409e-06,0.0011499999999995511,-1.4575539924316372e-05,-0.0014569682551951457,0.002675000000085248,-0.0002039772408167495,-0.000243048959562564,4.999999996257998e-05
0.0005555443055613482,-2.4999996625095374e-05,-0.000912500000000758,0.0001623533630682831,-0.0007091164892472327,0.001287500000080044,-0.00030649099677802923,-0.0004645246610670808,0.00013749999996370832
0.0004448413229540022,-0.00023868046315699289,-0.0015083333333334088,-0.00024609694940026994,-0.0002488855289679253,0.0013750000000515665,-0.00021086538864516027,-0.00029060462153935554,0.00029999999995311555
0.0004595965331600256,-0.00015758844810120887,-0.0008125000000002581,-0.0002461779076029221,8.450724275764123e-05,0.0004625000000535451,-0.00012853754177772668,-0.00038131681145969765,0.00026874999996540083
-0.0032282008017234243,-0.01290244927543921,-0.071517497397659,0.011898468392841643,0.005280378832933641,-0.07276896587478099,-0.009883294999579045,0.010817313877184431,-0.07776815071780518
-0.00815061953921312,-0.019140865763380366,-0.11413759501644112,0.01937597199426662,0.003208341390895406,-0.11115294818337951,-0.013282098864813205,0.01734907294376352,-0.11959927321636421
-0.02149409626977043,-0.01766054500028292,-0.12462328009694103,0.02575490467581341,-0.008350163662778989,-0.11991637355738642,-0.0036555522406482776,0.02816674828798649,-0.13043129449430424
-0.012202241555291569,-0.013425524622870551,-0.107453058966379,0.016901006048868093,-0.003741497898548867,-0.10697302027642963,-0.0047756326871176,0.018307278545055195,-0.11401823254695298
-0.0037008273157460025,0.010367051952534304,0.05174745034878484,-0.00813839223623089,-0.006785138070515562,0.052893773348738904,0.0098503663591952,-0.004262973285019955,0.0542295559042838
-0.0030882337589256525,0.009807746526225354,0.05203310465218665,-0.00792453313047207,-0.00814058489856384,0.058029908833612254,0.010595127892416381,-0.0033856650556286626,0.05624551531770994
-0.004506264463696333,0.010734203525746,0.062263161834721775,-0.007600517011716641,-0.010490077643448123,0.06898463024430275,0.0125606141684808,-0.001745468009612632,0.06927753205903109
-0.009956979811340541,0.012761897335261528,0.09185092637705092,-0.005635417918384289,-0.015290845823266295,0.09312027318306715,0.016734250852338216,0.0026204221129191413,0.09703272259057871
-0.0009404087776554437,-0.0006059906918829416,-0.002524999999999939,0.001279032587814255,-0.002509349144391715,-0.00017499999991343884,0.0006469031703267014,-0.000726336584377929,0.0052500000000677005
-0.001111375966237708,-0.00012038850043441677,-0.0003624999999996766,0.0009225900298571856,-0.0010725643789726786,-0.0016874999999583196,0.0007492462337314413,-0.000416983851743898,0.004037500000020344
-0.00044660937469274763,8.035687165200814e-05,0.0004333333333331976,0.0006668016849786795,-0.000545965126631996,-0.001149999999968306,0.00025398973448153325,-0.0007538231530657136,0.003258333333366892
-0.0006586993600069126,0.0001436812065871765,0.0006062499999998326,0.0005417036327150603,-7.525508141063768e-05,-0.00217499999997095,0.00017735369722023182,-0.0004755421799513008,0.0016750000000120835
-0.0022512687609249626,-0.012715109173076004,-0.07052411819955998,0.011558639292773287,0.007460409106589683,-0.07328943863247339,-0.010682184977382075,0.006932707116082126,-0.06837443138012489
-0.007602676136645201,-0.018382864941993884,-0.11013858709078797,0.019678107047033485,0.0031048557912225247,-0.11379735530523405,-0.011781545474236056,0.015752435245218004,-0.11007803224467594
-0.020226954009084204,-0.017362271408854924,-0.12034446601890098,0.025922032759446347,-0.009082430900010652,-0.1247203946835566,-0.005000092430585056,0.02651673602292024,-0.12155433946251885
-0.011759624959881615,-0.013002414510477575,-0.10554231620025063,0.017319117192105542,-0.0034103576628208873,-0.10758172457490389,-0.005587297351994515,0.016555655044240173,-0.10537382528192918
0.00015065186749485537,0.009836326876128421,0.05004251793981855,-0.00737887293975753,-0.007779041377872775,0.051572247069664456,0.009880206924699902,-0.0032883388168258865,0.05198437261180189
-0.0018417356954205902,0.01019368095448692,0.05317146123321439,-0.007826000999392827,-0.007552011167567047,0.055581916080438276,0.010507595498746643,-0.0031277586019383564,0.054880634021481356
-0.0031573379581016437,0.011340258698332346,0.06350029894824902,-0.007707122271515979,-0.00969899894027618,0.06553621896205897,0.012128657528727351,-0.001532586640417317,0.06569557489323567
-0.009530529106351122,0.01287363770547067,0.09321003923325734,-0.005965114844230205,-0.015334936177899848,0.0934080432364981,0.01622542287564355,0.0024169258797887413,0.0935561899837567
0.00155932815143478,-0.0006343644271361649,-0.0038999999999997773,0.00013460186547992192,-0.000283137268478062,-0.001150000000027518,0.001310820363274734,0.0024909073497170198,-0.0002750000001050523
0.00013769365375670972,-0.00025703796142691415,-0.0012124999999993246,0.0002792568985329449,-3.59900516796093e-07,-0.0004875000000126306,0.00010121580886849706,-5.816064462137326e-05,0.00048749999992381277
0.00026229394771426495,-0.00044681989595430694,-0.002508333333332039,-5.46536952440922e-05,0.0003801957959471374,-0.000791666666651499,0.0005141745544265386,0.0006315788160258082,0.00024166666658942404
0.00045277745101458605,-0.0004571163818418258,-0.0017812499999994495,0.0002351800845997556,-0.0003201071814255756,-0.0005312499999909903,-3.324683559452187e-05,9.541396306670566e-05,-0.00020625000007878924
-0.0011900121566765787,-0.012229745027810011,-0.06660572645705505,0.01157320274127946,0.005160480675205081,-0.0724953889037927,-0.010280069815866294,0.009490028893673064,-0.0738873696718656
-0.006993950201375807,-0.017296515402942844,-0.10450690178999515,0.0196561842354139,0.00435305989209452,-0.11296525040447314,-0.01216405046212337,0.016134915702946548,-0.11212978982162447
-0.019442397428268837,-0.017987536068397283,-0.1582565161164902,0.025741562224703123,-0.009157419373425584,-0.12546986872119525,-0.004697558805881463,0.027380808101750535,-0.12416848077648386
-0.01813855281135906,-0.01197473917537104,-0.10751013593780137,0.0170998283784331,-0.004010540414964438,-0.10882387467765486,-0.0053944751893527185,0.01694601325889549,-0.10618307367908919
-0.0008296889292477849,0.010047313576975345,0.05097398967626339,-0.007060889791160596,-0.008733805944724504,0.05291080625964284,0.008848134350866038,-0.0048721226516348914,0.05054045091741344
-0.0010463880001519864,0.010476277979782412,0.0544834595991203,-0.008180875785490031,-0.007787786419000748,0.05598753271676138,0.009556427838745983,-0.0033434250074595687,0.05286064381067046
-0.0034624266239818846,0.01146569486393424,0.06505073002382694,-0.007449835274582285,-0.0100402346685067,0.06632002507152752,0.011965498741941106,-0.0028634703534167034,0.06596989407396947
-0.009525844437209479,0.012923374868074515,0.09292528183910449,-0.006022256417165543,-0.015130064231191167,0.09207851287993396,0.016188917494313157,0.0020312364675212943,0.09384247447142835
-3.0181382393301703e-07,0.00019471843812559188,0.0018749999999997595,0.000722699299408186,-0.0003065110047509312,-0.0015749999999314923,0.0007812499999981792,0.0013531646934072938,-0.0012000000001677336
-0.0005583923065383751,0.0003939863835011505,0.0016500000000002455,0.00030370587356880966,-0.00030603459024663375,-0.0006124999999634895,0.00024991179319342225,0.0009799339552708632,-0.0020000000001019203
-0.0005393015531473295,0.0003534132258234916,0.0018249999999998478,3.110205180008517e-05,1.7915332489340914e-05,0.00025833333336204117,-0.00019825162743601434,0.00022011281577376845,-0.0011416666667152242
0.00012706512270728516,0.00034719772140989383,0.001449999999999794,-0.00021317270168446324,0.00018041170262249548,0.0006437500000178176,0.00016482503526730956,0.00043686603612571126,-0.00020000000005016005
-0.0035132807154128476,-0.012707440972895613,-0.07068427329289781,0.01247194121105008,0.0071136338298319335,-0.07652450331612215,-0.011524121427311518,0.007269249054177307,-0.07438321258721459
-0.0077735269138222585,-0.018884772642791252,-0.11291272712782283,0.020485856687487217,0.003459013160419152,-0.11518258991536356,-0.01322287194704952,0.01570013303614041,-0.11343405881203417
-0.021067360920528074,-0.017265861167851133,-0.12403906429477483,0.026207104385786165,-0.009477398165380426,-0.12550878854429293,-0.0048075838482946375,0.027315135197536367,-0.12434841260307768
-0.011632004915759683,-0.012902876087044867,-0.10447742115156082,0.01730914094019864,-0.003769336009235744,-0.10801734066503699,-0.005272605706359948,0.01694414263648838,-0.10750051304579955
-0.00044443881273142916,0.009673226373240392,0.04802619376628326,-0.00951049640027582,-0.005548689245384042,0.054686025123462656,0.010114729573556386,-0.003385146182442733,0.05254480145495677
-0.0021098964818025115,0.009817944084751638,0.052034094791256924,-0.008502014725990227,-0.006552752777173105,0.05571188261441762,0.01023704129384733,-0.0033920242012985824,0.05463093987203571
-0.004145685207477109,0.01109553921749272,0.06511438572377322,-0.008435124915242922,-0.00865748212734421,0.0649866594857329,0.012084874049743361,-0.0017632538201532513,0.0653843287975538
-0.009769923831479998,0.012408779230753314,0.09251467565137458,-0.006515917862616388,-0.014705973542967368,0.09259112354698118,0.016207108056081113,0.0022564834259091405,0.09224172695971311
-6.188658162320504e-06,0.0008904400756989648,0.004699999999999713,-0.0004695815979983975,-0.000636939084419641,0.004425000000018997,-0.000591417363245833,0.0007092050536491867,-0.0024750000000572925
-0.0007066947939091436,0.0008248787179742005,0.0038750000000010347,-0.0006970582818424356,-9.053915435584968e-05,0.002300000000010627,-0.00014664474035549122,-0.0003963571037768343,0.0010624999999819806
-0.0006331146389609062,0.0005355787539239742,0.0020083333333343733,-0.0007122614649845189,0.0005125589763117976,0.002099999999997474,0.0001503593492729089,-8.585036302688476e-05,0.000574999999998956
-0.0005964970256812144,0.00033651442237739895,0.001281250000000902,-0.000590893842068218,-4.992819602931292e-05,0.002731250000009844,0.00015017454174575353,-8.540664724127944e-05,0.0008124999999692406
-0.002195735696632062,-0.013817728540548685,-0.07549600066321677,0.011742522797678762,0.0058718650968320185,-0.07144435390045167,-0.010755132036233822,0.008290003777243482,-0.07290953768617214
-0.006934590437876167,-0.019544806571649313,-0.11528014187154609,0.01970497012544797,0.004342287770665094,-0.11287941883153518,-0.012878343023709863,0.015432881321698129,-0.11187605226434805
-0.02100728264057931,-0.017197561526119388,-0.12607516491409126,0.025578403255504447,-0.0089646428618225,-0.12465570977545266,-0.005081495256475744,0.026777386625897803,-0.12356939826387858
-0.0120335354910259,-0.012851212715719868,-0.10762088569056946,0.017030813861116958,-0.0035618021586281425,-0.10729289557243338,-0.005821750108348394,0.016226841305363265,-0.10416836150961561
0.0010871168437537326,0.009967041465768605,0.0496653497391733,-0.008578613569058813,-0.005960920076181209,0.05239182906882078,0.008706111924688953,-0.004149692326413379,0.048417738765049734
-0.0016410328501359484,0.010118584548325486,0.05249517667447647,-0.007586259694513591,-0.007327024053803576,0.05479812270814399,0.009935315561255634,-0.004378669198202351,0.0549599495312636
-0.003235986889550481,0.011213519381957275,0.06303316552086426,-0.007739816514549088,-0.009311562058061742,0.06562685350628428,0.011941069247057493,-0.0025050020739301815,0.06628961749102953
-0.009434241643396499,0.012744847606342917,0.09173493404641915,-0.0058004066911736775,-0.015004202756199052,0.09263011231541718,0.01581338253434501,0.0024002049712406283,0.09371054111266819
0.0003124949750007988,-2.5124999330027216e-05,-0.0007999999999999802,0.00015659127306985599,0.0015264663911704335,-0.004249999999839105,-0.00014119884444996345,-0.0006398129394971641,0.0010499999999247223
-0.00013894983261517367,5.804162400608841e-05,0.0005500000000003388,0.0008308584092983936,-0.00032875008593477893,-0.0029874999999623952,2.5949303897012913e-05,0.0001454454584980268,-5.000000005139782e-05
0.0002659254146707741,0.0002646155988559489,0.0017416666666662437,0.00022498358250022665,0.0005355032288454195,-0.002349999999958404,-4.090689613235808e-05,0.0003342455458105187,-0.000691666666696733
0.00019570145178370244,0.00021100437845017207,0.0008062500000000502,0.00027766015873497665,0.0001558584448797295,-0.0013249999999853657,-6.0788702848471164e-05,0.00011157686882756757,-0.0005437500000260442
-0.00039573831280004246,-0.012905185492370895,-0.0705316599685289,0.011868795381460295,0.006933815257431641,-0.07516808700569477,-0.012368536240217609,0.005963872098856127,-0.07449028180070982
-0.007228461241913046,-0.018429987608992133,-0.1113466427986031,0.020097493119567437,0.003018785815643731,-0.11299942283746756,-0.012949770769102618,0.015318902651663567,-0.11335105310412708
-0.02062876629749281,-0.01798820176923,-0.12248825489768941,0.025392223935932434,-0.009531936801644316,-0.12558331483690788,-0.004874614075127999,0.02686142740276303,-0.12517022781241374
-0.011626646622935074,-0.013340805249812708,-0.10631773337482162,0.01746089815571782,-0.003998224411526583,-0.10852641958309928,-0.005109017551514552,0.01672600501413876,-0.10776113414359134
-0.0002085106104582346,0.010173204331486295,0.05031864140477595,-0.008870457578268043,-0.005375192327732037,0.05247172997124849,0.009715411713271532,-0.0038847893336149686,0.050827695312349874
-0.0023560492991662554,0.010432215769920511,0.0552364903486245,-0.008390492965554275,-0.007410360496997355,0.05701912091957695,0.010341333496965513,-0.004065000467672824,0.05696604622267287
-0.003991368558242273,0.011188939419873528,0.06429575733943786,-0.007976483238243879,-0.010062231880640846,0.06772138596809658,0.012678488871845566,-0.0014698125719937924,0.06875566334406298
-0.009652481884728371,0.012717996646049867,0.09225097136360486,-0.005698963665051153,-0.015184578160654818,0.09277035610482098,0.01626216443075066,0.0029990487887163624,0.09571176077844412
-0.0006257055986391702,0.0002939988710412827,0.0007249999999998919,-0.0007061546949162223,0.0010355958799113107,0.0007000000000090267,-0.0007165101486017456,-0.0010295945833543874,-0.0010249999999878412
-0.0002777811805545729,-1.361111054400266e-05,-0.0002625000000003322,0.0004014930245072046,6.83183760674666e-05,-0.001462499999993483,-0.0004211440462923186,-0.0003977782088098674,-0.000837500000017144
8.92209504868172e-05,-4.797315599828043e-05,-0.0006666666666665704,0.00012152226177524523,6.951428169794343e-05,-0.0010750000000096331,-6.585189760651065e-05,-6.505884843355236e-05,-0.0005583333333447627
0.00045683405664056017,-0.00031556330511601496,-0.0018374999999992703,5.8863045665783665e-06,0.0005319910655741579,-0.0015749999999981057,-0.0004885543266827517,-0.00032270811928247767,-0.0013374999999982151
-0.0005495017840473349,-0.013517938917801925,-0.07477526174354643,0.01393024422667588,0.003361517068971309,-0.0744542459824249,-0.011314550286262853,0.007945323492762613,-0.07440449362814405
-0.006705269990766223,-0.019135539413954326,-0.11341075140064627,0.020267154373110483,0.002030474159574346,-0.11245930820802386,-0.013229546251360906,0.015502126691358593,-0.11345229701009707
-0.020810841735022408,-0.017638385001893252,-0.12544482218945158,0.025564707986772624,-0.010041972808060613,-0.12526853431368648,-0.00526214355713535,0.02686124881790327,-0.12225683476557354
-0.01176526824421177,-0.012911217722146852,-0.10721448163202955,0.017884326643619126,-0.004196307298544238,-0.10950093006651951,-0.005955129597819058,0.016221239878210926,-0.10366027420387613
0.00019717885656189704,0.009567098140004636,0.049822360384405406,-0.009457859619105974,-0.003879338847538605,0.052374702807966855,0.009850569389516922,-0.004590708355851902,0.0533850673985814
-0.0010987069216989503,0.010606066465679418,0.05394909827448633,-0.007874760872292948,-0.006876447768601314,0.05507619262870023,0.010052398603254933,-0.0034449905737964238,0.05400480360620019
-0.0032383364066769704,0.011472823479499222,0.06438634606227303,-0.007769046295274885,-0.008915572427744307,0.06463111365588858,0.011943107215068109,-0.002386959601756246,0.06591173560002161
-0.009295130227756748,0.012929326585770739,0.09169910984742634,-0.0062397228289611485,-0.014201506934926014,0.09021882377451274,0.016263560342690334,0.002080952687413671,0.09386447673040421
0.0009374996812472336,-6.374999989423803e-06,0.001199999999999617,0.0004836735386544444,-0.0011643717752335414,-0.00072499999985709,-0.00022909898931763872,-0.0009495593059211105,0.0017750000000482657
-0.0006957516450961037,0.00026677350757536313,0.0012625000000000266,0.0007202529721019498,-0.0011879314206671616,3.7500000038548365e-05,-0.00025188854435895556,-0.0006561998658554607,-0.00019999999998354667
0.00017849521299708102,5.256242632505427e-05,0.0002666666666671213,6.989295813933769e-05,-6.27724651702799e-05,0.00024166666670784784,-1.8471425853158357e-05,-9.240413325577774e-05,0.0003666666666587067
6.564269171502177e-05,6.246029635728773e-05,5.6250000000435726e-05,0.00044260306353440334,-0.0005049050053490253,-0.0003499999999823089,-7.729796410770844e-05,-0.00041035279687690344,0.000537499999997415
-0.004118888193946346,-0.012582762162795231,-0.07062157362223505,0.013325294630914947,0.0054388389966394945,-0.0772910217890388,-0.010700141375021704,0.007796946699549501,-0.07077727483313367
-0.008320362142726233,-0.018094459919572464,-0.11095507430357207,0.020494310708812413,0.003146037709409836,-0.11407481120770946,-0.012297719099195933,0.015659144920845042,-0.1120661110321386
-0.020824779782318472,-0.01785862531755821,-0.12045351632299107,0.025498687467905682,-0.010005546373626337,-0.1266235192388628,-0.0049020752339659635,0.027316887554260934,-0.1245938856611654
-0.018389184304847022,-0.012422966432167714,-0.10700005556406963,0.01764278220410084,-0.00452848449440438,-0.11061620627093038,-0.005528243529365791,0.016874673220090293,-0.1070458939160357
0.0015468212759273126,0.01100988075963162,0.05273854432218685,-0.008349600205310309,-0.005384612901240815,0.049646388788726625,0.0108465571560315,-0.00397332521624022,0.05528007100470411
-0.0012312383259851759,0.010590394032518349,0.05414113918083975,-0.00841708175358206,-0.006635678052282736,0.054522594648664935,0.010901947954581234,-0.00261694016160447,0.05683087109649154
-0.003377869905801007,0.011392798813282451,0.06340061014310418,-0.007667926525633885,-0.0090386758148633,0.06439072592231791,0.012686092508361405,-0.0017889158921622985,0.06928105198931907
-0.009651421912792855,0.012462907617290984,0.09247410419774493,-0.0062599532734065365,-0.014513077870307504,0.09119557171142212,0.0168040243977068,0.0028585737557654404,0.09663287164932699
-0.0003132271986019952,0.0003029988364813115,0.0017250000000000112,0.001465805668964676,-0.0016813568955720282,-0.00047499999995537223,-0.0002892871848493572,-0.0012749928024399781,0.0017500000000225668
-0.00013965704649522416,0.0002076092163188561,0.000737499999999924,0.0003361814766089038,-0.000768338595142421,-0.00022499999996483666,0.00038844033250279915,9.822561618090376e-05,0.0015875000000331596
-0.0007143748570668874,5.571419062858827e-05,0.0003749999999999483,0.00023979952253755377,-0.0006869493454373218,0.00015000000003576966,0.0002615415068586107,0.00015900663559442751,0.0006000000000246549
-0.0003289620230253009,1.953946635690809e-05,-2.4999999999857168e-05,-8.446875074177997e-05,0.00010314629161170103,-0.0001187499999666386,0.00015365614328352448,-8.733585797834751e-05,0.0007625000000288651
-0.004211727004280186,-0.013017199077195594,-0.07341437046904672,0.013339033159000951,0.004119237633805339,-0.074841256565783,-0.011582611851641833,0.006909748982042441,-0.07253774488704678
-0.008298217215241883,-0.018277278372188604,-0.11055882629746754,0.020208268267367283,0.002279501326656207,-0.11389610001133477,-0.01331880914121681,0.015665277592462487,-0.11335537752965585
-0.021190836031994426,-0.017983990302250407,-0.12239277370643219,0.02608264099166017,-0.00961208846461868,-0.12547734782136777,-0.004754257865976259,0.026938959741479716,-0.12445719477754598
-0.011598646520742916,-0.013021709232679141,-0.10379953855780213,0.017267006890293746,-0.0039485761750111745,-0.10755184271302454,-0.005218145262651139,0.01676199273742393,-0.10719700651891095
-0.0008660234317933724,0.010394431058709708,0.051886744814875894,-0.009172931443580251,-0.006432795068400665,0.05353862400498954,0.009206088667095685,-0.004667518218696987,0.05277593363475219
-0.002795791649804233,0.010487660420851773,0.054613124219689904,-0.00844239378253638,-0.007231381012501931,0.055578513253307094,0.009628823288571528,-0.0041862367267109235,0.053979186408059654
-0.004385927828740033,0.01134216502095715,0.06498878970078305,-0.007831860568288067,-0.010121803255679074,0.06779347540195602,0.011448336145353828,-0.0023863560464671657,0.06453227439767358
-0.009813376684903627,0.012844450684398172,0.0917789670052026,-0.006136778369960014,-0.015726833180465503,0.09455856314026789,0.015513582744461863,0.002066516705043647,0.0922257679748073
0.0009374971734407711,-1.884374971733286e-05,0.000549999999999977,-0.0013078938496946524,0.0006825054811240849,0.0031250000001037392,-0.00022280262444024368,-0.00023215550248867345,0.00047499999995537223
0.000555245682515304,0.00013186062564301732,0.00046250000000004594,-0.00033576122414952843,0.0004475556280765976,0.0005375000000640284,0.0005574177912813042,0.0006409778181806461,0.0009249999999738634
8.927851830439362e-05,-1.5991069269709418e-05,0.00036666666666665805,-0.00022924337741286882,-3.074981211524465e-05,0.0013500000000258676,0.00040292646814381127,0.0003867502731997557,0.0011083333333180196
-0.00019885039251906007,0.00019499249128666104,0.0011687499999994996,-0.00029820818712707854,5.337774752756097e-05,0.001162500000018163,0.00029245538815669825,-8.904777880566615e-05,0.0015874999999887507
-0.0014103904541346024,-0.013102103778852911,-0.07085099202018026,0.012824087842925463,0.00464464314930968,-0.07404223292732937,-0.011832258168274767,0.006763916330393416,-0.07499198994480594
-0.0065272993336597095,-0.017949994061885462,-0.10876758995438537,0.02080750785615981,0.00171915889085297,-0.1159379459405141,-0.01293693406754596,0.015530721788747308,-0.1143278335323572
-0.01957494281494554,-0.017836240196521684,-0.16168541849821516,0.026526820175856662,-0.01015481985785553,-0.12664518243304576,-0.004727207766000837,0.027247008450885162,-0.12789219786988326
-0.01747737517446827,-0.012077761159046596,-0.10591106102766443,0.017849994925001594,-0.004019871244292197,-0.10877358451950037,-0.005340529577101347,0.017022054627040956,-0.10947473887477077
-0.001459073246494469,0.01022771084797603,0.05074254739239422,-0.009663893480605507,-0.004436676430900899,0.05133099740577407,0.009614416058859043,-0.0031836566197554483,0.05235179532796508
-0.0028454799544756306,0.010325663665739063,0.053454857913394924,-0.008045863802250142,-0.006820155066829721,0.05373082283162134,0.0100829164989693,-0.00362028144815538,0.053613274487829266
-0.004048066282258004,0.011017827620408857,0.062380872196307904,-0.00815089851165736,-0.008745501793558572,0.06388827348144943,0.011868696577558447,-0.0018278079352067125,0.0648724963120036
-0.009502875401079525,0.012629873763821697,0.08972014083196236,-0.006454427997280927,-0.01447561098455251,0.09025041816304036,0.01581747424724966,0.0023528145812760255,0.09185101304967636
0.00031240968752233034,-0.00010624994882290305,-0.001174999999999675,0.0015070889238348595,-0.002377604727647753,-0.00167499999994547,9.390151729099516e-05,-5.410769673974691e-05,0.0007999999999341867
-0.0002777783250023585,-5.4722221856943944e-06,0.0001750000000004073,0.0005389721165375036,-0.0009718326421350979,0.0007624999999844562,0.0008843863287471492,0.00029920977569363057,0.0032000000000032003
-0.000267867730358029,1.9249996117962158e-05,-0.0002249999999995353,0.00037866539810693656,-0.0008125636083116434,8.333333333017852e-05,0.0003667192002932259,-0.00010427242232951312,0.0015499999999946112
6.530289773405768e-05,-0.00011315649988225168,-0.0005499999999994473,0.00035980989129313326,-0.00047620980879240084,-0.00016249999998940723,0.0002815998293408044,6.724977202303344e-05,0.0007124999999996717
-0.0022189629066207694,-0.012654743963435189,-0.06861587015994315,0.01240794060305625,0.006758866374301231,-0.07546807117972953,-0.01077883879097713,0.008271504774372274,-0.07354070358296383
-0.00791535420608453,-0.01784557536430884,-0.10802475137502125,0.0200956323659709,0.003940388802979126,-0.11342077391354177,-0.01182986710306243,0.016241443908060173,-0.1118963078601265
-0.020536446629579867,-0.017446983701360306,-0.12020991021102748,0.025981983634510656,-0.00889537177437501,-0.12236680174116203,-0.004758302397596591,0.02712120081180573,-0.12374912787305921
-0.01135153475788061,-0.012783415228902216,-0.10220762460558097,0.01705039451630006,-0.00329159797257526,-0.10565970771193867,-0.0056969373400004185,0.016947586730326994,-0.10697241168695637
-0.0018072367258883948,0.01044259640468177,0.05081861168101285,-0.01050889437433436,-0.00434668386132403,0.057080788097696455,0.011269481078570592,-0.003139648006286744,0.05761477307451024
-0.003415307374909915,0.010279005923676962,0.05357388201458983,-0.008345923695127211,-0.007036456792343536,0.057098935256050254,0.010520145320924249,-0.003290825876038782,0.05571986990666744
-0.004234660956931828,0.01099742284180089,0.06276796277625159,-0.007878520536768305,-0.009216553413055844,0.06595122711319235,0.012171752700216509,-0.0015673587389868665,0.06575243052195923
-0.010004166191038132,0.013029423565480818,0.09213482516048896,-0.006191386654969427,-0.01439305712372942,0.09112770339527732,0.01606084920533159,0.0026710203632689623,0.09305796704471847
-0.0015725741029926077,-0.0011193145547291968,-0.003300000000000189,-0.0009833045517895767,0.0012360095088398415,0.001650000000008589,0.000884471265356207,0.0016544491490133595,-0.0009250000000626812
-0.0008412529531845151,-0.0006599366418247874,-0.003800000000000857,-0.0003061008049161836,0.00014324086195258466,0.0005124999999939206,0.00037566656615411413,0.0005850069283750178,-0.0006625000000148873
-0.0006341178496480479,-0.0005662771316980932,-0.0030666666666670775,-0.0001015928026406757,0.00014753532745889357,0.00015833333334806335,0.00039858624170762455,0.0004918905537530462,0.00035833333331680706
-0.0005360206981856668,-0.0005001902663554107,-0.0022625000000002704,-1.7355796342497393e-05,-0.0001623712853907786,0.0006125000000078984,0.00027475513240729645,0.0003732585437034089,0.0006062500000014737
0.0007273691746689792,-0.012012019166355938,-0.06792475321488198,0.01159118853053323,0.005845059533916841,-0.07234325280207621,-0.009465413262320366,0.010004832481202985,-0.0723299391439447
-0.006610947987826614,-0.017834268462474753,-0.10731712696575861,0.019272572365098568,0.002840455979594456,-0.11026096221762316,-0.011996896099680798,0.016406647647372135,-0.11212392189086096
-0.019306520467208703,-0.017864081372204826,-0.16008884937922338,0.025310340497782614,-0.009138598926646178,-0.12325673798232832,-0.004271049516147271,0.02694011188415104,-0.12452072848742428
-0.017775937743446702,-0.012174359654781749,-0.10715100621605109,0.016872276851096702,-0.0032753802838555272,-0.10447054274783374,-0.005212979323417735,0.01732886938301302,-0.10799709347091291
-0.0002956609681456501,0.010607014899865435,0.051917907257495496,-0.008117339650892674,-0.005603634204841279,0.050541025076178414,0.009696667119932223,-0.0048821401620186,0.052891675360511314
-0.0010458315519619916,0.010448095449229672,0.0534175860131478,-0.008471286652728425,-0.00626959044920815,0.053783312749722256,0.010271429880066697,-0.003506126518689386,0.05477482055369354
-0.003110935930121715,0.011136963858296657,0.06264467416288816,-0.008326095956449104,-0.008817688577879488,0.06512213810250245,0.0120479608649466,-0.0018881892956322335,0.06539431922591987
-0.00906744296586139,0.012402674187923152,0.09031261300929613,-0.00607262689615292,-0.014253260327833332,0.0902249957928758,0.01610394700253377,0.0025531161536117507,0.09368980526890391
-0.0021897881233925998,0.0005321184406968453,0.0018249999999998344,0.0002007585090425812,0.00011539994770187745,-0.0003250000000676323,-0.0006924414339970486,-0.001404343657487872,-0.0002750000001050523
-1.367225166415409e-06,0.0002790233114946599,0.0005999999999998649,-0.0008765197375184183,0.00109679167619355,0.001362499999979505,3.9324942684931193e-07,-0.0006396385780760294,0.0007749999999528967
-0.0008036912159333141,6.474985226220811e-05,3.333333333348371e-05,-0.0007247755505429951,0.0005049725803797049,0.0018249999999812398,0.0003338232260044086,1.604390385030146e-05,0.001699999999971169
-5.286838656917849e-08,3.776310855092214e-05,0.0005124999999998223,-0.0002252975668555552,-0.00013315791628834708,0.0012124999999807429,0.00026495795107427914,-0.00014892004203915263,0.001749999999978158
-0.0037031849658003546,-0.012080666548182151,-0.06865788974563183,0.011653351633698211,0.007809554686342979,-0.07656615304556524,-0.010794173834018095,0.008719990193500893,-0.07442918352316141
-0.006766654794410693,-0.018588862662101323,-0.10788943903517723,0.020138534137561614,0.0032421739797647594,-0.11506833720775766,-0.01211055927754439,0.01633675803811944,-0.1148699607330883
-0.020143810846759525,-0.01775259090340189,-0.16120259148228064,0.02521258777862534,-0.009542390684902369,-0.12651781955020924,-0.003982877787124329,0.02743839232168671,-0.1283189217260746
-0.018389523257150923,-0.011899098195660415,-0.10873767620476604,0.017201123712310674,-0.004165406944897423,-0.10970811590262919,-0.004762031900101242,0.01738642769711611,-0.11021431421307515
-0.0018131133658894072,0.01029313752953416,0.052636917805704245,-0.009551153109067095,-0.003552251161588471,0.050983045106889335,0.00964073022866399,-0.0028507618525797085,0.04959425204864587
-0.002093935688411862,0.010525297914812739,0.056028550124107124,-0.008398173652568144,-0.007106343805595655,0.05764348423737964,0.010125785388002037,-0.0030448356854790365,0.05380903321536845
-0.004078404321321084,0.011154300811512363,0.06425812752849562,-0.008274733383748154,-0.009268574916658699,0.06779132416599627,0.011909492105233814,-0.0021418407501749837,0.06599273503821539
-0.009462267118096933,0.012870921143595547,0.09198651998164475,-0.006000634500231022,-0.015053542117759713,0.09436994546021538,0.015987553788099896,0.002291151866124234,0.0934142037418817
-0.0012505959240405318,-0.0002708741259775308,-0.0004500000000002065,0.0006293651654831756,0.0007165933697469984,-0.0047750000000235104,0.00027112200349371784,0.00020447227996878148,-0.0007749999999973056
0.000276072031087556,-0.00031013263445925105,-0.0014625000000003867,0.0003290941594035695,0.0006632242252674953,-0.0030250000000453525,-0.00011964213690441995,0.00023043596889599845,-0.0010875000000076795
0.0003547706740067832,-0.00029467476917386477,-0.0015416666666666816,0.00039817898365098115,0.00042597184820541186,-0.0028916666666785793,-1.4119220594275919e-05,0.00031839666916492045,-0.00024166666667824188
0.00013098891618455367,-0.00012553762491446778,-0.000250000000000406,9.501100308261176e-05,0.0005057999314164876,-0.0018937500000149043,0.00017448255026700368,0.0005074736105255346,-0.0003374999999916639
0.0008345564151274187,-0.013064067158701913,-0.07028721093318718,0.01123935330677589,0.007052228873961897,-0.07113682723765002,-0.011226375950676437,0.006606888617761986,-0.07009451946702328
-0.0066289919028523275,-0.018902207031598117,-0.11227084715272487,0.019524834921770925,0.003675163076548459,-0.11162389421002228,-0.012819170741970278,0.01524718392170875,-0.1117270905438339
-0.02067226217853754,-0.01749834288067682,-0.12451951350698677,0.025224167317922448,-0.009122705151839003,-0.12287227838503705,-0.004382043242696325,0.02663835010256489,-0.12613663576347042
-0.011783045115694758,-0.013105103278082,-0.10783121344879816,0.016922508612009408,-0.003682810023093657,-0.10591055146127182,-0.005109926837960399,0.01701515419657138,-0.10932302214363698
-0.003497946248744166,0.011011472143012891,0.05570940537590411,-0.008471418013557275,-0.007106121271679977,0.05518616153006306,0.009205035864878752,-0.004356482944493922,0.0524584985228671
-0.0026360210066720155,0.010547657439345198,0.05554930472205828,-0.008178349531472328,-0.007220594301122886,0.05668491095787154,0.010119494812848665,-0.004025217485523511,0.05607091752308779
-0.00428487311732173,0.011735913632317638,0.06542236715643902,-0.00815753482972684,-0.00927725836428631,0.06680189799640839,0.01242260950587524,-0.002411275359050819,0.0677042508435477
-0.010168391953620603,0.013020938992779429,0.09394709660019449,-0.0062909797711437725,-0.014839795627567483,0.09270950708037962,0.016537917862308675,0.002398207179846325,0.09579980508661046
0.0009372358736256525,-0.0001821559946777503,-0.0003999999999998864,-0.001224155178523867,0.0014573019534655507,0.00015000000006537562,-0.00043939655354138796,-0.0004678074139591315,-0.0009000000000369823
0.0008332583917025627,-6.516660921140351e-05,-0.0007875000000001946,-0.00040635332152082356,0.00040643710207893195,0.0010000000000065512,-5.8494586705235304e-05,0.0001945996851407086,-0.00011250000002682725
0.0002663406910019539,-0.0002332970001001369,-0.0006833333333334334,-5.249467604654231e-05,0.0005863367451960525,-0.0007000000000090267,-0.00017436788014857374,0.00010197752613183564,-0.0011083333333772316
-0.00013167204725380986,-4.899988207346456e-05,0.00012499999999958665,0.0002153362474203052,0.0002716990222484979,-0.0015625000000074607,-6.313462692116096e-05,0.00041940041606438136,-0.0016187500000208743
-0.002808627949490994,-0.012386861137990039,-0.06787064417233805,0.013448206071051821,0.002875578766978193,-0.07418669008174561,-0.010912161281770999,0.008851012584361329,-0.0750180151278812
-0.006513224854404815,-0.017855239105063,-0.10468463610833614,0.02040720041612801,0.00310015173308568,-0.1139545415722587,-0.013033252690205437,0.015809058345010268,-0.113936505284995
-0.019609055536202662,-0.017981702003420807,-0.15883552963717554,0.0263629429491502,-0.009670093591381981,-0.12403251492721923,-0.004873361033960149,0.026911793348312143,-0.12473129542153553
-0.018278483720003243,-0.012015848101712037,-0.10720010993341063,0.017299499480971703,-0.0037021473523870356,-0.10541666916129844,-0.005078046546443335,0.016766005923151518,-0.10750087174922207
0.0015165743912637364,0.011181872839161442,0.054665330624463326,-0.008064999372787984,-0.007159649106060206,0.05355136138867067,0.010066522607009298,-0.004674009926597389,0.054015114965766386
-0.002219159317495217,0.010069220647693087,0.05352505668756924,-0.008040277042866325,-0.007462235739046857,0.05634619398580121,0.010512287836734715,-0.002815759730820069,0.05511646017208882
-0.0038641479996683247,0.011000162119420278,0.06338758565491658,-0.007526256535171837,-0.00950750537403713,0.06609456301675347,0.012059628049394018,-0.002569040380250615,0.0659311686310134
-0.00970514680692939,0.012748831246786689,0.09290693075505413,-0.005996238651361172,-0.015037586275961988,0.09321109291082763,0.016274004349728876,0.0026950266671245757,0.09579628417244468
-0.0012510459908160465,0.0003606854777487737,0.0017999999999997022,0.00031899480846739325,-0.0019857325162520034,0.0030499999999378247,-0.0005990582906470476,-1.2610329405693399e-05,-0.0007000000000978446
-0.00013928292824341406,0.00014869374830754723,0.0004499999999999215,0.00019399099145266262,-0.001013067954503461,0.0014749999999619234,0.00014310762592851923,0.0003986194958930748,-6.250000006424727e-05
-0.000714392354802291,6.0937375585987376e-05,0.00043333333333319025,-0.00045850169119732165,4.0094416005530065e-05,0.002158333333301954,0.0004999885102498809,0.0005370103480010847,0.0012583333332945774
-0.00026333489960108763,-6.807864055967921e-05,-0.0006749999999995462,-0.00018497971912483603,-3.217443667339512e-05,0.001056249999975556,0.00030094035617363836,0.00013178452095813657,0.0011562499999673292
-0.0015449812909296146,-0.01225684497794291,-0.0692235389949912,0.013040385824142353,0.00502453523474472,-0.07571631279224,-0.011481388462256104,0.006415900536897723,-0.07347797920536081
-0.006693574486673255,-0.0184037386318722,-0.1094937403701212,0.02081657565307024,0.0029249766436392458,-0.11580593508131454,-0.012950352543860615,0.016154359797751483,-0.11539936462239275
-0.01992289477559746,-0.017265456398623896,-0.12066323638068101,0.02635066522687917,-0.010021711514725053,-0.1269930941301863,-0.0041804057606001765,0.027269168916359474,-0.12881049795323563
-0.0176558271707084,-0.012527197547239431,-0.10522198824058134,0.017448430247679357,-0.004349730564964501,-0.10907375578582679,-0.005352092081336112,0.01755332070269011,-0.11166207032113906
0.0005626068850586585,0.011274374444300302,0.05570171293641787,-0.008457500684986435,-0.0062663793625392095,0.05159680324045013,0.0086132853527425,-0.005134660615399578,0.051291481140625095
-0.002731452076570267,0.010304781090033913,0.054250473273520484,-0.008623464336145963,-0.006852432280530908,0.05482213943261982,0.01049566547674241,-0.0030936271096823928,0.05676910234098109
-0.0036072613246015566,0.011344649857538674,0.06383578257552017,-0.00800502278222295,-0.009256649719594738,0.06596158068976621,0.012412429596831908,-0.0024132621106592866,0.06778462112705756
-0.009652828889104629,0.012887108574835273,0.0923750685292407,-0.0058504512592911255,-0.014827896175237104,0.09227906272724073,0.016541557267632477,0.0024022374146676364,0.09505008690194328
0.0028077325278930143,0.0007815431121838805,0.00309999999999989,-0.00047874448449655715,0.0011667093609279977,-0.00109999999997612,-0.0005752988897905764,-0.0011111968911681203,7.499999998827889e-05
0.0005505418175017546,0.0005277460237214206,0.0024749999999998293,8.558285170669045e-05,0.0003687585389359575,-0.0015249999999689123,-0.0003862009988891968,-0.00025728451914940205,-0.001700000000015578
0.0006218310267258609,0.00033891774650308173,0.0010250000000001864,0.0001771490635502082,0.00020324023294287269,-0.0009416666666280568,-8.429649119012783e-05,0.00015249068401454062,-0.001149999999997912
-3.0358821801497535e-06,0.0002797938295812786,0.0010437500000000678,0.0001212271503583209,0.00021987733236186307,-0.0013874999999829996,-6.063865912102851e-05,0.00034110640147116077,-0.0007124999999996717
0.0010995696359122897,-0.013288854962600183,-0.07184297654314045,0.011994700141054054,0.0063027444792557175,-0.07394923591048652,-0.011028867246729024,0.008532663420386666,-0.07506658925926502
-0.006707391103511546,-0.018933620413132884,-0.11332398513973214,0.019629661698535066,0.003332681026809972,-0.11189378527656224,-0.012410291496024585,0.01567456644190674,-0.11296303871319857
-0.020760522583317394,-0.017375295112279674,-0.1258939421743025,0.02574068873206683,-0.009014890149936545,-0.12317827113484947,-0.005081598242848151,0.026800173894378252,-0.12243663494958905
-0.011874790188043455,-0.013184291142213405,-0.10838484058459522,0.017184867491302335,-0.0034721231199016786,-0.10637547271422354,-0.005401614608854945,0.01601090412021543,-0.10343249559945367
-0.00045191872727334825,0.009720609199750662,0.04899075397004902,-0.008497458053161044,-0.0055003009108919865,0.05232109706785337,0.01082669394781785,-0.0036399995534119878,0.05686781796097051
-0.0014003793587822086,0.010291938588792066,0.0530386363204363,-0.00881810214243026,-0.006456314860381957,0.05552582814800644,0.010945580907351402,-0.0023537189843886924,0.056648226560263026
-0.0038669476710539202,0.011177468256713449,0.06408100599099852,-0.00814889696854258,-0.009524251691977617,0.06764906668455713,0.012113815926567392,-0.0017375809908225831,0.06457905497508538
-0.009406013396900363,0.012513125654025138,0.09030053929927964,-0.005796299470827685,-0.01533728874930204,0.09520977359458449,0.015832086529739792,0.002323400367094722,0.0915494266104433
0.0009368255261890668,-0.0002932489658060939,-0.00047500000000013016,-0.0007330085398452035,0.001741356957012108,-0.0005499999999436511,-0.0014375288437777634,-0.0016945032561554996,-0.0004750000001330079
0.00013772725662719587,-0.0002553020319280151,-0.0008625000000003432,-7.532947033743002e-05,0.0007563782834785204,-0.0010249999999878412,-7.248817940650219e-05,-0.00027877523168610513,9.999999992515995e-05
-0.00018009597775195792,-0.00023275227133523306,-0.0013749999999998145,0.0003619554416378227,-4.5867060149973327e-07,-0.001100000000005726,-8.833485094287909e-05,-0.0004637108159776566,0.00039166666659558774
0.00019465739259080065,-0.00026974499375934997,-0.0015812499999994568,-1.500089141500507e-05,0.0002944251104805416,-0.0008812499999955037,8.40555473908588e-07,-0.00022780431409224157,0.0006187499999477097
-0.0007687249667653884,-0.013257355089933321,-0.07178134740583408,0.01307538601891603,0.004045417233318471,-0.0738157069915868,-0.01041535749550862,0.010031202746015044,-0.07802241452763425
-0.008023118583675807,-0.018226585347026744,-0.1121237336219623,0.020085075160364844,0.0022047004171188433,-0.11324783024919682,-0.012281338230728708,0.017372416865363283,-0.11739050962953357
-0.020591445656991333,-0.01803409108437159,-0.12041907122434739,0.025798529249272933,-0.009046236222551098,-0.12245919182350962,-0.00393302137694249,0.027739154569086908,-0.12761406974783895
-0.017767651486748907,-0.012232367988899978,-0.10579127537742132,0.019920955394786017,-0.009269751010723984,-0.1051830883405533,-0.0049915819904005595,0.017775481300435297,-0.11104718442400685
-0.000880407210399059,0.010479791932592237,0.05197235021450466,-0.008066455463320854,-0.006725884464646448,0.05238862493159857,0.009475663463289624,-0.006764153908711545,0.05481196255074927
-0.0016371893131164298,0.01095703008555449,0.055135965421819436,-0.0080725339428415,-0.007644774007245194,0.056368067972956126,0.01018885809675,-0.0032911091634909204,0.055294583831178024
-0.00455060738840147,0.011398901121212368,0.06651324820800643,-0.0072840778250403216,-0.01010719892084237,0.06706068035926549,0.01178905204543538,-0.002259952369249426,0.06542653025130758
-0.010306077693566623,0.012762867719824753,0.09457069830418259,-0.005906444648459831,-0.01575315405542736,0.09498005754331462,0.015915948793260314,0.002030639724164811,0.09314378846692617
0.001874292430995017,-0.00030109264147434834,-0.0013999999999998313,-0.0006050947002657348,0.0018143625118427487,-0.0011750000000532168,0.0002809610401173501,0.0012826333624163522,-0.0017250000000856858
0.0008332644305849198,-6.26388383601444e-05,0.0004125000000005045,0.00033328032177864445,0.00034825252479306655,-0.0019000000000435335,-0.00013807628643996365,0.0008882658862403087,-0.0017250000000412768
-0.00018022206927211952,0.0002409656763126559,0.0014333333333329198,-4.281993497576694e-05,0.00038687655258551334,-0.0006250000000207478,1.16915023971677e-05,0.0006147398336704889,-0.001600000000046009
0.0001931154183115443,0.00033618781645533867,0.0014187499999995135,-3.724835567326127e-05,0.00028184249660282026,-0.0004125000000243517,7.1814369619134e-06,0.0003771635411720682,-0.001162500000018163
-0.0013910360768670804,-0.013145871054779962,-0.07117549478805307,0.012622509880023947,0.005221101382048288,-0.07400716180510081,-0.01136002156638255,0.0058885487047646845,-0.07065201710085844
-0.0076019518814153374,-0.018328741485119197,-0.1115349291289243,0.020290149868192765,0.002623259284656454,-0.1138204353384964,-0.013039345696608869,0.01548232265679973,-0.11319328031484943
-0.0207356210050231,-0.01808980742322008,-0.12173865076705861,0.02581741284655056,-0.00956525764522467,-0.12419448214566013,-0.004843834494464017,0.026504023758194554,-0.12304707275569982
-0.01125598625994053,-0.013142993402517482,-0.10429048828756929,0.017529678703152612,-0.003657735649946408,-0.10735396265177943,-0.005750170269799994,0.016401754447085987,-0.10545391411365124
-0.0026786623570015933,0.009864100393632317,0.05213347394149563,-0.010109153425964107,-0.0056071070800439715,0.055264548221067855,0.009657852608150469,-0.005528314039854321,0.05588089106636218
-0.002473758909607746,0.01079660242289962,0.056853843605208974,-0.00872810807910999,-0.006972100819334514,0.05636283983090351,0.010353553045445071,-0.0037865091102749927,0.05504137987608626
-0.0046387789453063355,0.011501714366437989,0.06669344597286514,-0.007787391634028949,-0.0093809235269338,0.06598794569692146,0.012217720004718798,-0.0017453935175810414,0.06725985720799817
-0.010050417764302436,0.013040515089552052,0.0942629346015827,-0.005755252871028042,-0.014863329563902449,0.09167655929638308,0.01648794050505018,0.0028575190934299055,0.09640545362892827
-0.0015661942118563865,-0.0006778303276437122,-0.0027999999999998955,0.0006931507188535913,0.0011096737862273387,-0.003399999999942338,0.00041699511699189173,-0.00023867176207614804,0.003399999999942338
-0.0012510726283338552,-0.00024103848452751615,-0.0014999999999998743,0.00015570333589892064,-7.068651851812231e-05,-0.0009374999999867129,0.0008116339815326482,0.0003391901612976373,0.002412499999993045
-8.953076373132061e-05,-9.424957524730843e-05,-0.00020833333333367213,0.00011591354169262649,0.0001689217482638204,-0.0012833333333202763,0.00037578582816729815,0.0004021321786098645,0.00027499999998662855
-0.00032943151148802726,0.00011259071738278975,0.0004249999999993948,0.00018525542954278258,-0.0001970828180097861,-0.0005937499999886242,6.291175384371143e-05,0.000420551105276425,-0.0008437500000013642
-0.003175665129417915,-0.012587798230071112,-0.07127017205784389,0.012471195223975884,0.00677825335735488,-0.07619764810340435,-0.010837521529007133,0.008315215769091888,-0.07269432261400866
-0.007438793886436572,-0.019082181936159934,-0.11299419926760054,0.0205163931370594,0.00240877218867107,-0.11701491572841949,-0.012153857458476993,0.01622376542482577,-0.11300002260883346
-0.021054196925962033,-0.017886738952892865,-0.12311570016949505,0.02603208586070005,-0.009572213595283676,-0.12673303664691252,-0.005057336016794526,0.0273436395624454,-0.12285045296526557
-0.011488156920604084,-0.013157660320209263,-0.10408943666267918,0.017229186576685068,-0.0036458782083710105,-0.10724076595374499,-0.005609802005352467,0.016798781315862498,-0.10545572341895681
-0.0010721984164269172,0.009641614275598395,0.048271619286054696,-0.009213436611907322,-0.005269380450360905,0.05232813188165153,0.00912116588960496,-0.0059728507043610435,0.05256705730323219
-0.0015813571116000495,0.009991440791759183,0.051660699814781316,-0.007805671896078515,-0.007156674465451528,0.054800808192556616,0.009753399747698368,-0.004634534359020269,0.05407285554375196
-0.003955136291353134,0.010858974538814415,0.06295971650436245,-0.008103833298495067,-0.00953311402719152,0.06679322209877843,0.011942286052470089,-0.00241404207338861,0.06682216315841612
-0.009700004608398372,0.01245832621798579,0.0917805486760346,-0.006431226345531224,-0.014948983018188717,0.09284216551002089,0.01634653759974385,0.002007401149246638,0.09455231316420898
-0.001562948993213964,0.00023631193127499186,0.0025249999999996907,0.00030651110525040104,-0.0009058922448845763,-0.00012499999995085886,0.0015761474893155603,0.0023379682007398928,0.00015000000006537562
-0.0011122382394442483,0.0002477188032567945,0.0013749999999999579,0.00011294979749338413,-0.0005770484280964716,0.0009000000000369823,2.9155020751021115e-05,0.0003042471208364934,-0.0009499999999551534
-0.0002695168029904454,0.00024406390473236087,0.0009416666666667793,0.0004386912379254561,-0.0005718007124891741,-0.00032499999997881446,0.00027425243272403776,0.000563411912645909,-5.8333333304479616e-05
6.160870121373283e-05,0.00033578766729225,0.001512499999999503,0.00016490486789393004,9.365311755052543e-05,-0.0008124999999692406,0.00015763782616970277,0.00028882619685833893,0.0001812500000086814
-0.0021636082320475314,-0.013886814038846357,-0.07544988041899289,0.012877219813602764,0.00398289186623324,-0.07435279259677685,-0.010463460845468175,0.008032945057481755,-0.07196727865972363
-0.008740039391509481,-0.01895445493729475,-0.11477808269972076,0.02039104725472107,0.0034168981725917697,-0.11487174929807331,-0.013181548453043238,0.015130718484718253,-0.11228942930476826
-0.021767283131062163,-0.01706269829718623,-0.12683451899703765,0.025413988558127702,-0.009811974633432934,-0.1258177285049844,-0.00496571567193801,0.026753481418889953,-0.12383771706202158
-0.0125121293916884,-0.01318771243338794,-0.10881768494625658,0.017632822105953048,-0.003908767738375633,-0.10901550848604613,-0.0054591801444739555,0.016266459584962124,-0.1055296253001714
-0.0014808904627711117,0.010307946418298273,0.05024793584164509,-0.007431124809411521,-0.008228695503660621,0.05488765355883274,0.01002708044740147,-0.004322314847815534,0.05398109175227539
-0.0017474197479827591,0.010519494669809165,0.054118052867035346,-0.008589965568858098,-0.007638923325512896,0.0564594231329707,0.010170047148979868,-0.004301394926255043,0.05538312474864249
-0.0041684813117868836,0.01110840209462352,0.0632967488266981,-0.007403408898450885,-0.009909261971764132,0.06625769891058415,0.012157718810930538,-0.002530243273967035,0.06607445914606676
-0.009834900559041314,0.013036902795337871,0.09263394551558249,-0.006150712771298942,-0.015403651234192964,0.09324677402768877,0.015983041071260452,0.0017951453158956234,0.09189405274231399
0.00031248461093702495,4.3968746409186164e-05,0.0005499999999998659,2.6309646891653493e-06,0.0014400986923859826,-0.0029749999999495458,-0.00012476226441196503,-0.000649218696538445,0.0014499999998918156
-0.0004177260820519773,0.0002407746701513457,0.0007375000000000052,5.4699782970099894e-05,0.0005108007613521507,-0.0008124999999914451,-0.00028973074167141605,-0.0011138164678810754,0.0010124999999305828
0.000357142492857232,-3.6428571184836465e-06,0.0004583333333333468,0.00022486382908867446,0.00012763079917932352,-0.0008416666666732908,0.0001418467948377522,-0.00018348206946651655,0.0004999999999810711
-0.00013202763624042824,0.00010811717967725736,0.0005062499999998257,0.00022195572137246643,-2.523979422686118e-05,-0.0008687500000048587,-0.00022679305830260836,-0.000400830257558426,2.499999998128999e-05
0.0003343044640558013,-0.01386142376086673,-0.07432988196487064,0.012142108883377717,0.005030361584557053,-0.0720396335680551,-0.008883565997392512,0.009063231051237297,-0.06820166131777938
-0.0066012402245265965,-0.019023388209822873,-0.11212540465144576,0.019938744000008512,0.0036532440024217294,-0.11294603701055284,-0.01162832381533838,0.01616765074714656,-0.11080437421022715
-0.020026238071042913,-0.017316700644418724,-0.12235588391099501,0.025276056351504046,-0.00908899245598679,-0.12454677105371663,-0.004863446938276854,0.02677243842210265,-0.12081603621115396
-0.011504838376079355,-0.013348888942296171,-0.1072234793202306,0.017074397401338818,-0.0036446184887339275,-0.10716638400413425,-0.005800961081610013,0.016451020150430345,-0.10289513369514669
0.0013405258628140793,0.010331625160976793,0.05000428120355653,-0.010146197194801226,-0.0052620548144852175,0.05709895566150536,0.008560905799356866,-0.007094004348423555,0.05565974144188246
-0.0011966143943498153,0.010844096768316686,0.05584090618370915,-0.008431581599662051,-0.0069009680345301205,0.05605078802126684,0.010240458597286013,-0.004825340920891794,0.05770299700746939
-0.003913134737203767,0.011449621818192188,0.06596196605706478,-0.007921929867521296,-0.009011870529764583,0.0658073185654473,0.011970939724450572,-0.0020236025039770717,0.06704721384099462
-0.009687369490671428,0.012489476886564866,0.09248661799705442,-0.00638144228395117,-0.014879940870715161,0.09290698819539589,0.015818750507912805,0.00228784681129208,0.09389707939007619
-0.00031529208837505207,0.0005878036583601702,0.001675000000000229,0.0011909654854709573,-0.0014782523830650374,-0.0008750000000112834,0.0006564877355896837,0.0007039459968757877,0.0024999999999053557
0.00013830208540128238,0.0001805542841461879,0.0006124999999999762,0.000603787892970257,-0.0010947913010039834,0.0006375000000335973,0.0004889171887361031,0.0005201647049109711,0.001224999999926979
0.00026714284310661425,0.0001605157380479467,0.0005999999999997421,3.7536009104515476e-05,-0.0001846390577653345,0.0004583333333603908,-0.0002656150367212419,-0.0002587204682237752,-0.0001916666667156619
0.00012893429868210404,0.00026445605298406233,0.0015437499999991658,3.112158354342356e-05,-0.0001340356226608412,0.00030000000001972893,-0.00027356893752521135,-0.00014476451508883023,-0.0011500000000497224
-0.0023919173618644485,-0.013438595582195225,-0.072736938005489,0.012673951518195337,0.003611245708218247,-0.0726772751577176,-0.010171321917381432,0.009420915652952333,-0.07451291900437695
-0.008424573198982809,-0.018970800455247495,-0.11567396691444146,0.020592750772349407,0.002629610464593362,-0.11390800548052304,-0.012441461738619942,0.016475839946648092,-0.11451807496576372
-0.02209614231806981,-0.017613011642066793,-0.12787344572529732,0.025692235692488245,-0.009915905806007803,-0.1260085560092087,-0.004844552413290586,0.02740922478037716,-0.12545008514501058
-0.012805835960627667,-0.013143504188519598,-0.11077311197535362,0.017664348329917468,-0.004214895352727822,-0.10928170526275927,-0.005135723839577867,0.0172311393446499,-0.10879759244455389
-0.0023560970418279314,0.009802542690988438,0.049043328451473626,-0.007616759262585315,-0.007165309853063295,0.0532272574156778,0.009359842682323677,-0.004067240365057678,0.052966579928659385
-0.0018952344791230609,0.010084586787021168,0.051934873371158374,-0.008145676968280342,-0.007972469511464809,0.05686250631389278,0.010206018268230551,-0.0031641161135107262,0.05507317948487689
-0.0037109745696392977,0.011331440675468487,0.06370474187845758,-0.008116302438669818,-0.009782267412468999,0.06731694443180558,0.011984604505369352,-0.002155619598967088,0.06676767948963953
-0.009805977576657939,0.012587674701798985,0.09182923963187792,-0.006010241484901526,-0.015643172059280258,0.09437162372285535,0.016430018772269128,0.0021193510686178777,0.0952900540659718
-0.0009397352209172816,0.0005259311668587543,0.0030249999999997033,0.0009491923093629673,-0.0012565499266231628,-0.002349999999928798,-0.000291826529389555,0.00016953834360011744,-0.0029000000000500847
-0.0008335609684316668,-0.00011104135556541829,8.749999999929387e-05,0.0007145276367341117,-0.000552171291313809,-0.0019124999999675651,-0.00017372051358544027,0.0005855684691487747,-0.0014000000000180535
-5.742856587101894e-09,1.4357141325600355e-05,-9.166666666702722e-05,8.928571428530794e-05,-0.0001546473935338482,-0.00031666666663691484,-0.00028758783168373166,0.0004832380791075508,-0.002558333333328259
0.00013155964901689324,2.270393643259744e-05,0.0001999999999995213,0.00023363808078126272,-0.0006253282012685058,0.0005687500000295387,-0.0001844378426038427,0.0004937633336760408,-0.0019687500000031832
-0.001953650560784781,-0.01268835613406538,-0.06905233162349955,0.01184440160784811,0.0049344164200632035,-0.07214381595117558,-0.012228150889932038,0.0070770999450256444,-0.07576045300581313
-0.006802255967414128,-0.018733490591442484,-0.11088685579372996,0.019498386825494984,0.004176078492265953,-0.11136201760930664,-0.013243301471441149,0.016390040257916214,-0.11627844300456935
-0.020286283297703815,-0.017936428401651144,-0.12116864574232418,0.02529417917810054,-0.008884761572025359,-0.12242323316098054,-0.004162977830202736,0.027477569388472713,-0.12809738465667428
-0.011178806454718093,-0.013293282626863578,-0.10462977800493638,0.01691048514370345,-0.003095412451620845,-0.10452453878386503,-0.005171895198897918,0.017016690264660943,-0.10802625267192223
-0.0013919125425587708,0.009662227052588521,0.04951789082835672,-0.008872340621256941,-0.005792686292444005,0.052902308166569156,0.010565828324166776,-0.004210446541239032,0.05612504095382498
-0.002392471815706084,0.010154751248522113,0.05395287005090068,-0.008286865149132214,-0.007080772811458703,0.05571102131147754,0.010920782601399491,-0.00249062901287579,0.05557717222894887
-0.004053641779825605,0.011124039913877351,0.06446432990304748,-0.007852207247242837,-0.00956019534350598,0.06690803523303757,0.012117836064074477,-0.002280229994590179,0.06475652589292835
-0.009310690056384787,0.01289646382351328,0.09115259238423935,-0.005792032170744947,-0.01520959157772408,0.09389663436463191,0.016399413749672864,0.0022410553288387813,0.09341274504404695
0.00031201518186502186,-0.00024862436973611306,-0.00015000000000003517,0.0019990707486039483,-0.0010249029968809054,-0.0053999999999554404,-0.0001231643019655726,7.129792037319227e-05,0.0005999999999950489
0.0002770999992179273,0.0001964567744402205,0.0010750000000004712,0.0005717435899891018,-0.00031380600457967905,-0.001387500000005204,0.00014271290932498114,0.00039885247833197174,-0.000262500000003385
-8.007566038819342e-07,0.0001703724909552833,0.00044166666666705284,0.00033147014390321513,0.0002885454225217053,-0.0023833333333260023,-0.00010847794638153234,6.314429054037658e-05,-0.0005999999999950489
-0.0003289913973440677,-3.38683828941185e-05,0.00015000000000041182,0.0003141305855407155,-4.923801767040431e-05,-0.001231250000000017,-0.00012705811938392534,7.431735338529097e-05,-0.0006312500000049681
-0.0022102841989168898,-0.012421597512031377,-0.06886648035245549,0.012441167246177165,0.008057586601536992,-0.07847882573455145,-0.009004907079963181,0.009187571217095236,-0.06851454894034603
-0.007109304740043898,-0.01808774656805421,-0.10941873225696463,0.020620486994053333,0.003590703720172487,-0.11681173649682464,-0.01275034040380818,0.015362484279952805,-0.11075839245657804
-0.02036114013064344,-0.01775807370788566,-0.12162591531177647,0.026203048425816187,-0.009640752581456722,-0.12738738100998015,-0.004454565048716116,0.026670402821615626,-0.12398797031677826
-0.01785545306973388,-0.012476921563037415,-0.10609543190213877,0.017741908895859235,-0.004040009693430015,-0.11114853524409607,-0.005489857683971693,0.01722964076441818,-0.10794732354324488
-0.0021539966280348377,0.010591617846216692,0.05370846052847511,-0.009540545583594517,-0.005931605054201872,0.05462581690540702,0.009774895775423176,-0.0029189335426504925,0.050902526853757735
-0.002135615436706558,0.010791540890269605,0.05546275724952293,-0.008055688946135349,-0.007429203423420239,0.055685018512896534,0.010190744401310082,-0.0022525181241134845,0.053019661647391025
-0.004600802580455905,0.011830471958499162,0.06720139241843918,-0.007806825131216412,-0.009839798233420414,0.06756251750772435,0.012282349187647352,-0.001979981026768916,0.066831109558807
-0.010335232081687407,0.012587809734663925,0.09324753265391081,-0.005564063002403302,-0.015403027838451301,0.09405836307538884,0.016551019557997603,0.0024001962221748287,0.09468661537239131
-0.0025011024966936635,-0.0003674977950039651,-0.0005999999999999571,0.0007621177497904585,-0.002087271748496544,2.4999999936881068e-05,-0.00048767839724850326,0.0010111243995900021,-0.004625000000046953
0.0001388883194471576,5.694444406498886e-06,-0.0002124999999999602,-0.00012065118429790041,-7.005268001175007e-05,0.00037499999998580336,-0.00011801097927724126,0.0010384931782909173,-0.0020249999999943924
-0.0007145601135675036,-9.799948778742968e-05,-0.0007499999999996711,0.00033278169546005883,-0.000632680494639223,6.66666666759852e-05,-0.00012384692281529924,0.0002796539501656988,-0.0009916666666794545
-0.00013223019270618068,-0.00013156364035697433,-0.0010374999999993612,2.336124427676208e-06,1.3484506011796071e-06,-0.00015625000000518696,1.4260413565646499e-05,0.00037293949393142693,-0.0008812499999955037
-0.0020395311524298854,-0.013087366724900054,-0.07353530161524897,0.011940569496535214,0.007906371061509876,-0.07673696181527134,-0.010657661841391441,0.007777482613144371,-0.07387337438400365
-0.007395617391584934,-0.018559207988735334,-0.1121398875160176,0.02023810993441672,0.003400553524163858,-0.11518814252058363,-0.012827970127674929,0.01574002883840717,-0.11418379657999189
-0.02039953991820049,-0.01782928266292164,-0.12215810076900331,0.025196207244203,-0.009174452400977482,-0.12514050287004327,-0.004845540939726889,0.02692042433738576,-0.12483780795908099
-0.011155911033270105,-0.01275836291516724,-0.10383583107260244,0.016950699428759947,-0.0036869105959785584,-0.10659467495383601,-0.005852535741704558,0.016664848733545276,-0.10647316172101018
-0.0014616878560094748,0.010115193804502001,0.052843495392270276,-0.007779130650673732,-0.006894325101376719,0.05151081457386297,0.008442263893067986,-0.00705045521449954,0.05266462933439797
-0.0023473629075417466,0.01006916561840866,0.05432620138015687,-0.007147517880376486,-0.007811606074227385,0.054085294890127145,0.009854229741819431,-0.003376279344802841,0.0541364511068787
-0.004281712774320545,0.011291894527039896,0.06544702429465203,-0.007829551302864344,-0.009514969424936308,0.06513124351315014,0.012016366252839054,-0.002287624332767651,0.0669624882503772
-0.009525213498524409,0.012596844976459059,0.09108378612970913,-0.005749605652202435,-0.014873460363049625,0.09121366888904525,0.01590339899680685,0.0021857784079005794,0.09393040713704948
0.00187400530259757,0.0003552481432296014,0.0016000000000002262,0.0011786248276419997,-0.0011256964422556859,-0.0008499999998967667,0.00048157007617732894,8.410833933492068e-05,0.0012499999999526779
-0.00014115388248371453,0.00035115692714026033,0.0014000000000002795,0.00037913706719806665,5.590729167269536e-05,-0.0023874999999229374,-4.5370167564253964e-05,-0.0006138533303242285,0.0010000000000065512
-9.009210809516967e-05,0.00016799741953196141,0.0011666666666667394,0.0006328535034815944,-0.0002589634615179121,-0.001533333333281206,0.0003335056352193888,1.6207779461794936e-05,0.0015166666666566186
0.0003925733478878164,0.00024038175573662697,0.0008250000000000045,0.0003948136680109445,6.981063272196895e-05,-0.0015749999999536968,0.0003074067891372919,-0.000396107368054966,0.0017750000000038568
-0.00045717321215527074,-0.013129700611603502,-0.07156603804016197,0.011284611408167444,0.006059535494248869,-0.07174726893235395,-0.010334684993468929,0.007504329311153191,-0.06944585131751779
-0.006784372831580843,-0.018866322364294055,-0.11235191505258382,0.019842084093697136,0.0037797387696627796,-0.11390976746463721,-0.013253418184658305,0.014570978980021292,-0.10973762929546993
-0.02033202156745902,-0.017825947095051115,-0.12236525653887782,0.025940078312818127,-0.009409417016767254,-0.12626733935533485,-0.005408161134716086,0.026328334213913368,-0.12088776779307271
-0.011208680235862828,-0.013173501664915724,-0.10487711577631154,0.017172538371787813,-0.00412780748557691,-0.1094201073063128,-0.005635650441821928,0.015477917381321208,-0.10144177746282956
0.0004306291266770179,0.010112472365004664,0.0494773707271164,-0.009163414780265222,-0.005227995609063951,0.05430034303612885,0.009431503888216591,-0.004103192179950865,0.051288604427535134
-0.002096153519904393,0.009756477968962804,0.05262418365094149,-0.008048402252482564,-0.0077043298742393886,0.05629996811276072,0.009986185265302736,-0.004136852185014177,0.0551084025328441
-0.003392388959894926,0.01141088632082524,0.0640282268764531,-0.007947862114126332,-0.00962834132888343,0.06759137358764988,0.012211861100187625,-0.0017022840781937593,0.06721603169217438
-0.009617316197020827,0.012997984453034841,0.09319533352910932,-0.006128081239499028,-0.015286283607643395,0.09387803458564825,0.01625705808847232,0.002459663063047428,0.09454724583410345
-0.0009378167997314835,0.0001979996620801717,0.0008000000000000163,-0.0008433402215249353,0.0005939024898884981,0.0012000000001677336,0.000540062738509095,-0.0003082510820900941,0.001125000000001819
0.0004164047254044216,0.00012183295788397267,0.0009875000000001838,-0.0007272461886340428,0.0002160208584357627,0.002887500000126053,0.00015710958866593176,0.0005512039134353892,-0.0012625000000099362
0.00035701070551627127,-6.955340403628139e-05,-0.00023333333333272206,-0.00015414608617314585,-0.0001938372520172387,0.0006916666667559449,6.512288774708695e-05,0.0002719027561853826,-0.00015833333334806335
0.0002602405262353587,-0.0002805060884092545,-0.0012874999999989193,-4.249003243037447e-05,0.00020318648166469492,-0.0003187499999279808,4.543329278949264e-05,4.974540888132224e-05,0.0003999999999892978
-0.00022372865458170077,-0.013458199183632738,-0.0725397182238499,0.010727879457779477,0.006863124048052394,-0.07028256267824773,-0.00976225740604783,0.008214321960270388,-0.06977817527467067
-0.006832669483382138,-0.018605392058119428,-0.1117359746006065,0.019403897616208032,0.003449885812316521,-0.11058287934970767,-0.012392256302844648,0.015500001144012435,-0.11166499687300657
-0.020283860258257642,-0.017986251313210043,-0.12188406702456106,0.025001705790567673,-0.008427515402241062,-0.12065790246308754,-0.005112349331365991,0.026206453926312868,-0.1203937954859254
-0.01747223798434834,-0.012381666945758851,-0.10553951436007798,0.016898516116603337,-0.002747064836290158,-0.10382123689408052,-0.005980056423587753,0.016127520520213334,-0.10331660574685042
-0.00018624978237458123,0.009961275181713828,0.04944713280701086,-0.00783719390548901,-0.008174292966602048,0.056287280403921613,0.00980913826108959,-0.003590848820213266,0.052483192384489286
-0.00116128318894404,0.010362798564566332,0.053318967110148996,-0.008177068964306132,-0.007588669975035057,0.057046575923491716,0.010266847169087483,-0.003365346707087966,0.05538417628458969
-0.0033155039248678702,0.011676719227778758,0.06528720100182857,-0.008020018394778212,-0.009638394646936468,0.06614231950588707,0.012147046527295955,-0.0017800402998139184,0.06647592673275267
-0.009702040984955517,0.012713208748800928,0.09340665516018828,-0.006204196925657219,-0.015332049228809038,0.09353562484779587,0.01616053291595596,0.002517200790854829,0.09356310797132283
0.0018748330344528497,-0.00014518737199299502,0.000650000000000279,0.0016378118231560879,-0.0005104103348793632,-0.005499999999969418,-0.0002475256103105783,-0.0005787268972309856,-0.0003750000000302123
0.000694370604894153,6.420827672300658e-05,0.0009625000000003433,0.0011027026583155302,-0.00018100258194425004,-0.0034625000000065853,-0.0006222784918139915,-0.0006018235620223559,-0.0017125000000284274
0.0007142678642891547,2.5499991670123908e-05,0.0005500000000003684,0.0004990724845293266,0.0001763280649329037,-0.0020916666666555748,-0.0004262622285035917,0.00035908553013394177,-0.0024000000000394075
0.000525735400236079,0.00012481399026190528,0.00031250000000030646,0.00032846261051760735,-0.0002671839717761111,-0.000706249999993247,-0.00019782332588483422,0.000347474081125191,-0.001950000000028318
-0.0012729380346743202,-0.012581433517948427,-0.06939850874285894,0.011771602892382549,0.0055604730560890325,-0.07327185002332648,-0.010844036352219283,0.008766107830959768,-0.07624873322882308
-0.007008872500330949,-0.018076844915819037,-0.10861978440091043,0.019386615023617586,0.0038795130149081748,-0.11063760569953729,-0.012283715074962485,0.01693746260477475,-0.11691168674281549
-0.020309549694199486,-0.018060339494062157,-0.1199637923196519,0.025248080586545783,-0.008803655470629843,-0.12240013906720988,-0.004352788699934852,0.027958900348988493,-0.12848076122902916
-0.011066612994756744,-0.013246573047764615,-0.10292739366910594,0.01652009895901938,-0.0032222348102079203,-0.10333510320556516,-0.004788386390704972,0.01747774380072617,-0.11051347573727277
-0.0014731473302817544,0.010261533140414222,0.05270501176505473,-0.009726121690870754,-0.004094046946664931,0.052028882949528565,0.01095706550317127,-0.0033493173334370185,0.054971924104796344
-0.002189768886958395,0.010127488251601929,0.05277174358645588,-0.0079518406888872,-0.0071877611528578834,0.05533693168060516,0.010245942585038347,-0.003653260430188284,0.05416911679003711
-0.004123970132772452,0.01105260702604038,0.06303709877308573,-0.00833835817024108,-0.008850825693748223,0.06558888068652162,0.012523228152803592,-0.002276716822602728,0.06768101029728986
-0.010128684106469901,0.012501345826444778,0.09306598617083484,-0.006130953465112078,-0.014554015052561401,0.09159543328567388,0.016750666133029172,0.0027969020680511892,0.09679277475706516
0.002499991992185868,-3.203124866534753e-05,-0.0016999999999996493,0.0014507315412096156,-0.0013307588929492575,-0.0012500000000414957,9.553926517968936e-05,0.000305728833124852,-7.500000007709673e-05
0.0004127467588636395,-0.00046664471497647505,-0.001312499999999593,0.000581364083213693,-0.0009473688085064818,-0.0006250000000207478,0.00023222232501303916,0.001151891858548594,-0.0021125000000399297
0.0002659539623786226,-0.00026070502350344037,-0.0012916666666662338,0.0006418732685364859,-0.0003558158983166645,-0.0016916666666884812,-7.797766797347703e-08,0.0005177039351893826,-0.0017666666667063662
0.00026305210540367163,-5.289459578963799e-05,-0.0005937499999999075,0.00014509288284287063,8.256463928043987e-05,-0.0006500000000242423,-4.03905180712246e-05,0.00048248741813118975,-0.0010187500000258254
-0.001711713447531682,-0.012983502633986711,-0.0731325467648218,0.013635423437421967,0.002942469926624225,-0.07318368307078771,-0.0116571614957664,0.008220258826005522,-0.07515231896810803
-0.006456745994673805,-0.01844993049620499,-0.1106111434611042,0.020705432560241974,0.0027845365656710263,-0.11467082838765297,-0.013216163505549685,0.01637680673469761,-0.11617444277236544
-0.01977081205511468,-0.01771216993004505,-0.1631137030977101,0.026471855677956204,-0.009932244432709387,-0.12533487703918858,-0.0038293430828823766,0.02739856302620022,-0.1284344354113287
-0.011496050141170734,-0.013215664429608257,-0.10686848226124683,0.01772220563994804,-0.003846608939432105,-0.10748360046628769,-0.005081496740092389,0.018034965781960538,-0.11239172083030713
